fp64
 80 16777216 93610.048 105190.992 187911.034 14.285241812888966 25.518863440321965 28.67592333677684 1.7856552266111207 3.1898579300402456 3.584490417097105
 160 8388608 72993.994 96457.958 118210.077 22.70833949291819 27.829270032857217 36.77500589980047 2.8385424366147736 3.478658754107152 4.596875737475059
 240 8388608 93477.011 101217.985 116565.943 34.54295256720052 39.78079429263485 43.07510260463933 4.317869070900065 4.9725992865793565 5.384387825579917
 320 4194304 58525.085 87484.837 99826.813 26.890115784824264 30.683655042987624 45.866734922298704 3.361264473103033 3.835456880373453 5.733341865287338
 400 4194304 58893.919 59451.818 74276.924 45.17477325797714 56.43970719280612 56.97435757331754 5.646846657247142 7.054963399100765 7.121794696664693
 480 4194304 65258.026 76674.938 85131.168 47.29797481458259 52.514314912129436 61.70171068306602 5.9122468518228235 6.5642893640161795 7.712713835383252
 560 2097152 34100.056 36390.066 40783.882 57.591629948321255 64.54536905758842 68.87995257251191 7.198953743540157 8.068171132198552 8.609994071563989
 640 2097152 13548.136 16649.961 20450.115 131.26354350574556 161.22287373525984 198.13460390418282 16.407942938218195 20.15285921690748 24.766825488022853
 720 2097152 16420.126 17457.008 17502.069 172.54525050724004 172.99063390473324 183.91447666114132 21.568156313405005 21.623829238091655 22.989309582642665
 800 2097152 22562.027 27448.893 27499.914 122.01649794250265 122.2432977533921 148.72082193678787 15.252062242812832 15.280412219174012 18.590102742098484
 880 2097152 19886.971 24930.954 31816.959 116.00692322606947 148.04838675647952 185.59827537335877 14.500865403258684 18.50604834455994 23.199784421669847
 960 2097152 42386.055 45556.068 53085.804 75.84950281623313 88.38629005470797 94.9966171657164 9.48118785202914 11.048286256838496 11.87457714571455
 1040 1048576 17920.017 24634.123 25024.891 87.15474844625696 88.53727327739655 121.70959882459933 10.89434355578212 11.067159159674569 15.213699853074916
 1120 1048576 21451.95 34268.856 47276.974 49.68190730650401 68.54066677918867 109.49168910052467 6.210238413313001 8.567583347398584 13.686461137565583
 1200 1048576 24960.041 29980.898 33673.048 74.73580651208052 83.93952709488553 100.82444976753041 9.341975814010064 10.492440886860692 12.603056220941301
 1280 1048576 10851.145 12827.158 13703.108 195.8938483152873 209.27118540209764 247.37984424685135 24.486731039410913 26.158898175262205 30.92248053085642
 1360 1048576 11196.852 11392.117 12636.9 225.69828992870086 250.3596759057162 254.72576756395455 28.212286241087607 31.294959488214523 31.84072094549432
 1440 1048576 10978.937 11132.956 11488.914 262.85329318332435 271.25759591612507 275.0629573700988 32.856661647915544 33.907199489515634 34.38286967126235
 1520 1048576 14751.196 14914.036 28800.964 110.67931753951015 213.73631121716483 216.09576877698598 13.834914692438769 26.717038902145603 27.011971097123247
 1600 1048576 19294.977 19362.926 23179.054 144.76186991928142 173.2921563610789 173.90242030348108 18.095233739910178 21.661519545134862 21.737802537935135
 1760 1048576 19032.001 23783.922 24099.827 153.1541085336422 155.18834614408846 193.93586202522795 19.144263566705273 19.398543268011057 24.241982753153493
 1920 1048576 13770.819 14367.104 16059.875 250.71999875466025 280.2605062231052 292.3959598917101 31.33999984433253 35.03256327788815 36.54949498646376
 2080 524288 7126.093 7860.899 10754.108 202.8097616278356 277.45402656871687 306.06365648048654 25.35122020347945 34.68175332108961 38.25795706006082
 2240 524288 8198.023 8498.907 12062.073 194.7269130273047 276.3661539066141 286.50934987618365 24.340864128413088 34.54576923832676 35.813668734522956
 2400 524288 7790.089 11007.071 12866.02 195.59913632964972 228.6332485726675 323.04924885967284 24.449892041206216 28.579156071583437 40.381156107459105
 2640 524288 9846.926 10726.929 11682.987 236.9463083370717 258.0645998495935 281.12739346269086 29.618288542133964 32.25807498119919 35.14092418283636
 2880 524288 7424.831 8347.988 9537.935 316.6197798580091 361.75170352425044 406.72964542896665 39.57747248225114 45.218962940531306 50.84120567862083
 3120 524288 8786.917 9790.897 10065.079 325.04038169993504 334.14273687078924 372.3213864430494 40.63004771249188 41.767842108848654 46.540173305381174
 3360 524288 7967.949 9730.101 12669.086 278.0954648188512 362.09442841343576 442.1734325859766 34.7619331023564 45.26180355167947 55.27167907324708
 3680 524288 6582.975 7728.1 10795.832 357.4305046614286 499.3154436407396 586.1726164841883 44.67881308267857 62.41443045509245 73.27157706052354
 4000 524288 6628.99 6965.876 8043.051 521.4817113555539 602.1215422152217 632.7214251341456 65.18521391944424 75.26519277690271 79.0901781417682
 4400 262144 3721.952 3820.181 4455.09 517.8048479379765 603.8633248005788 619.8003628203695 64.72560599224707 75.48291560007235 77.47504535254619
 4800 262144 3874.063 3964.901 4981.041 505.2322195300139 634.7150660256082 649.5976962687494 63.154027441251735 79.33938325320102 81.19971203359367
 5280 262144 3663.063 3982.067 4541.159 609.5890146105874 695.176811439888 755.7174528529812 76.19862682632342 86.897101429986 94.46468160662265
 5760 262144 4240.99 4256.01 4561.901 661.98255507956 709.5610395652266 712.0740393162916 82.747819384945 88.69512994565332 89.00925491453646
 6320 262144 5153.894 5193.949 5250.931 631.030984791078 637.9539267713257 642.9119729664599 78.87887309888475 79.7442408464157 80.36399662080748
 6880 262144 4974.127 5104.065 5340.815 675.3840827663944 706.7115015188874 725.1727670001188 84.4230103457993 88.33893768986093 90.64659587501485
 7520 262144 5258.083 5689.859 6602.049 597.1851708462025 692.9250373339655 749.8256988335864 74.64814635577531 86.61562966674569 93.7282123541983
 8240 131072 2856.016 4211.903 4217.148 512.2102805023679 512.8481258946372 756.3215892347941 64.02628506279599 64.10601573682965 94.54019865434927
 9040 131072 3254.89 3437.996 5003.929 473.58420952815277 689.2915989431052 728.068155913103 59.198026191019096 86.16144986788815 91.00851948913788
 9920 131072 3327.847 3942.013 4889.965 531.7969515119229 659.6803409831474 781.4266941959771 66.47461893899036 82.46004262289343 97.67833677449714
 10880 131072 3264.904 3761.053 3938.913 724.0897983783851 758.3319671379265 873.5713883164711 90.51122479729814 94.79149589224082 109.1964235395589
 11920 131072 3954.887 4128.933 4543.781 687.6996228471398 756.7951526459742 790.1000660701558 85.96245285589248 94.59939408074678 98.76250825876947
 13040 131072 4805.088 4817.009 16885.042 202.44887516418376 709.6432163610241 711.4037786612857 25.30610939552297 88.70540204512801 88.92547233266072
 14320 131072 4860.878 5522.013 5604.982 669.7438243334234 679.8068168256757 772.2683186041698 83.71797804167792 84.97585210320946 96.53353982552123
 15680 131072 5470.037 5635.977 5809.784 707.4992667541513 729.317724327122 751.4424344844467 88.43740834426892 91.16471554089026 93.93030431055584
 17200 65536 2813.816 4026.89 10210.991 220.78546538724797 559.8460350295142 801.2032058954816 27.598183173405996 69.98075437868927 100.1504007369352
 18880 65536 3158.092 3532.887 3757.0 658.6743039659302 700.4581125861087 783.5868492748152 82.33428799574128 87.55726407326358 97.9483561593519
 20720 65536 3693.104 3922.224 4444.838 611.0035596347944 692.4163025875116 735.373777721938 76.3754449543493 86.55203782343895 91.92172221524226
 22720 65536 3516.912 3853.798 4439.116 670.8443392783608 772.7327275586317 846.7530151451047 83.8555424097951 96.59159094482897 105.84412689313808
 24960 65536 3894.091 4418.135 4542.828 720.1587029048866 740.4837380478415 840.1337102805252 90.01983786311082 92.56046725598019 105.01671378506565
 27440 65536 4791.975 5985.975 6377.935 563.9153864064152 600.8404111276776 750.5497587111786 70.4894233008019 75.1050513909597 93.81871983889732
 30160 65536 5381.107 5401.134 5688.19 694.9717783688661 731.9076919772773 734.6316510710529 86.87147229610827 91.48846149715966 91.82895638388162
 33120 32768 3033.876 3326.893 4293.919 505.49447253196905 652.42624875522 715.4387061303759 63.18680906649613 81.5532810944025 89.42983826629698
 36400 32768 3293.037 3390.074 5234.957 455.68863316355794 703.6750230230962 724.4104454338046 56.96107914544474 87.95937787788702 90.55130567922558
 40000 32768 4461.05 4522.8 4624.128 566.9047223606268 579.6055540815424 587.6284731173155 70.86309029507835 72.4506942601928 73.45355913966443
 44000 32768 4935.026 5254.984 5691.051 506.68742908822986 548.7331645538786 584.309788844071 63.33592863602873 68.59164556923483 73.03872360550888
 48400 32768 4791.975 5205.154 8126.02 390.34390759560023 609.3849288608944 661.9279941986341 48.79298844945003 76.1731161076118 82.74099927482926
 53200 32768 4590.034 4851.103 5285.025 659.6970118400576 718.7056634336562 759.5837416454867 82.4621264800072 89.83820792920703 94.94796770568584
 58480 32768 4732.132 4857.063 5673.17 675.556219891172 789.0664131801461 809.8982192381785 84.4445274863965 98.63330164751827 101.23727740477231
 64320 32768 6056.07 6787.062 9407.997 448.05238777180733 621.0751456226567 696.0414129955566 56.00654847147592 77.63439320283209 87.00517662444457
 70720 16384 3190.041 3668.07 4049.063 572.3183264868934 631.763559583105 726.4335975619122 71.53979081086167 78.97044494788813 90.80419969523902
 77760 16384 3092.051 3597.021 4008.055 635.7297192778043 708.3749802961951 824.0613366338396 79.46621490972554 88.54687253702438 103.00766707922995
 85520 16384 3355.026 3988.981 8899.927 314.86992646119455 702.5150934536915 835.2601023062117 39.35874080764932 87.81438668171144 104.40751278827646
 94000 16384 3771.067 4349.947 6357.193 484.52076254409764 708.098742352493 816.7958829689316 60.565095318012204 88.51234279406162 102.09948537111644
 103360 16384 4095.078 4271.984 10353.088 327.13915693559255 792.816752122667 827.0661706565784 40.89239461694907 99.10209401533338 103.3832713320723
 113680 16384 4950.047 5503.178 7315.874 509.17583326339405 676.8936494512807 752.531489094952 63.64697915792426 84.61170618141009 94.066436136869
 125040 16384 5115.032 5705.118 5789.042 707.7700800926992 718.1815906349352 801.033252577892 88.4712600115874 89.7726988293669 100.1291565722365
 137520 8192 3702.879 3825.903 4437.923 507.69868697586685 588.913958351793 608.4799638335468 63.462335871983356 73.61424479397412 76.05999547919335
 151200 8192 3444.195 4121.065 7565.022 327.4624713583119 601.1215062125932 719.2568365031595 40.93280891978899 75.14018827657415 89.90710456289494
 166320 8192 3761.053 4025.936 4063.129 670.6621620923186 676.8579729036925 724.5276469116495 83.83277026153982 84.60724661296156 90.56595586395619
 182880 8192 4111.052 4117.966 4136.801 724.305065677561 727.6179356507556 728.8416492907413 90.53813320969512 90.95224195634445 91.10520616134266
 201120 8192 3943.92 4323.959 5340.099 617.0578635339906 762.0678364434076 835.501247489807 77.13223294174882 95.25847955542595 104.43765593622588
 221200 8192 4898.787 5248.07 6018.877 602.1290682630663 690.5663986951395 739.8037105920303 75.26613353288329 86.32079983689243 92.47546382400378
 243280 8192 5217.075 5331.039 7828.951 509.1230638689653 747.6778016442948 764.01039279673 63.64038298362066 93.45972520553686 95.50129909959125
 267600 4096 2806.902 2954.96 3810.883 575.2418009159558 741.8642553537104 780.9959877473457 71.90522511449447 92.7330319192138 97.62449846841821
 294320 4096 3027.916 3092.051 3144.979 766.6408710519212 779.7638007911254 796.2801610084294 95.83010888149015 97.47047509889067 99.53502012605368
 323680 4096 3319.025 3715.992 4040.003 656.332819554837 713.560890335609 798.90526886661 82.04160244435462 89.19511129195112 99.86315860832624
 356000 4096 4288.912 4411.936 10863.781 268.44723766062657 661.0141216917018 679.9747814830426 33.55590470757832 82.62676521146273 84.99684768538033
 391600 4096 4093.885 4172.802 5774.975 555.4980238009688 768.7849075992582 783.6046200613841 69.4372529751211 96.09811344990727 97.95057750767302
 430720 4096 4770.041 4771.948 4911.9 718.3489566155664 739.4167413391763 739.7123504808449 89.7936195769458 92.42709266739703 92.46404381010561
 473760 4096 4519.224 4584.074 6247.044 621.2605385843289 846.635966173321 858.7850303503433 77.6575673230411 105.82949577166512 107.34812879379291
 521120 4096 4920.006 4992.962 5607.843 761.2579453454742 855.0065151707544 867.6849255874891 95.15724316818428 106.8758143963443 108.46061569843614
 573200 2048 2758.98 2791.882 3695.011 635.4046577939822 840.9478624096577 850.9765203082299 79.42558222424778 105.11848280120721 106.37206503852873
 630480 2048 3201.962 3376.961 3473.997 743.3645106774703 764.7248754131303 806.519902484789 92.92056383468379 95.5906094266413 100.81498781059862
 693520 2048 3459.93 3705.025 4436.97 640.2247299395758 766.704116706365 821.0160089944017 80.02809124244698 95.83801458829562 102.62700112430021
 762800 2048 3880.024 3924.131 4317.999 723.5825668324611 796.209096994978 805.2601736484105 90.44782085405764 99.52613712437226 100.65752170605131
 839040 2048 4050.97 4117.012 4759.073 722.1380802521836 834.7577903586388 848.3666479880127 90.26726003152295 104.34472379482985 106.04583099850159
 922880 2048 5126.953 5146.98 5779.982 654.0014276861069 734.4338777302418 737.3027371228095 81.75017846076337 91.80423471628022 92.16284214035119
 1015120 2048 4978.895 5694.151 6062.031 685.8974360243292 730.2109691155011 835.1113088345907 85.73717950304115 91.27637113943764 104.38891360432383
 1116560 1024 2720.833 3094.912 3201.008 714.3733723876978 738.8626494065097 840.4466132246998 89.29667154846223 92.35783117581371 105.05582665308748
 1228160 1024 3175.974 3420.115 4054.07 620.4312407037866 735.4348260219322 791.9685992391625 77.55390508797332 91.92935325274152 98.99607490489531
 1350960 1024 3715.992 3847.837 4487.038 616.61302623245 719.0445125404221 744.5565221884224 77.07662827905625 89.88056406755277 93.0695652735528
 1486000 1024 5707.979 5837.917 8023.024 379.32430465121377 521.3037458394834 533.1708473349323 47.41553808140172 65.16296822993543 66.64635591686654
 1634560 1024 6173.849 6359.816 6402.969 522.8166620828556 526.3641086471685 542.2191051319849 65.35208276035695 65.79551358089606 67.77738814149811
 1798000 1024 6958.008 7254.839 8487.94 433.8277603281832 507.5652264647086 529.2181325459816 54.2284700410229 63.44565330808857 66.1522665682477
 1977760 1024 6739.855 7405.996 7985.83 507.2049467619521 546.9152940401264 600.9702701319242 63.40061834524401 68.3644117550158 75.12128376649052
 2175520 512 3751.993 3766.06 4657.03 478.3590571673363 591.52867452988 593.7464382262973 59.794882145917036 73.941084316235 74.21830477828716
 2393040 512 4256.01 4301.786 5422.115 451.9404254612822 569.6408329005673 575.7676697188211 56.492553182660274 71.20510411257091 71.97095871485264
 2632320 512 4430.056 5151.987 5170.822 521.2895899336701 523.1953574417016 608.4563445699107 65.16119874170876 65.3994196802127 76.05704307123884
 2895520 512 4884.958 6113.052 6220.102 476.68229234826055 485.0298148944259 606.9678551995738 59.58528654353257 60.62872686180324 75.87098189994673
 3185040 512 6171.942 6649.017 12336.969 264.3664712134723 490.52077322106413 528.4367481094282 33.04580890168404 61.31509665263302 66.05459351367853
 3503520 512 5575.18 6769.896 12008.19 298.7631341609352 529.934947301997 643.4957221112144 37.3453917701169 66.24186841274962 80.4369652639018
 3853840 512 6234.884 6410.122 8810.043 447.93562982609734 615.6407257147367 632.9439585403674 55.99195372826217 76.95509071434209 79.11799481754592
 4239200 256 3971.815 4079.103 5964.041 363.9261366580143 532.0950218712301 546.4681512104668 45.490767082251786 66.51187773390376 68.30851890130835
 4663120 256 4239.082 4275.084 21347.046 111.84298942345465 558.4726381984541 563.2156773565597 13.980373677931832 69.80907977480676 70.40195966956996
 5129360 256 4378.08 5531.073 6330.013 414.88577037677493 474.8142575590668 599.8593721448672 51.860721297096866 59.35178219488335 74.9824215181084
 5642240 256 3201.962 5466.938 5861.998 492.8058453789988 528.4177139012734 902.2052354150361 61.60073067237485 66.05221423765917 112.77565442687951
 6206400 256 5650.043 6246.09 7288.933 435.9591177474124 508.7465598478408 562.4163922292273 54.49488971842655 63.5933199809801 70.30204902865341
 6827040 256 6669.044 8095.98 9186.029 380.5174662522838 431.7506317950391 524.1297673249719 47.56468328153547 53.96882897437989 65.51622091562149
 7509680 256 6006.002 6714.106 8956.909 429.272660914608 572.6683731236892 640.1856276438136 53.659082614326 71.58354664046115 80.0232034554767
 8260640 256 7557.154 8000.135 8707.047 485.74995403148733 528.6720386593475 559.661438684457 60.71874425393592 66.08400483241844 69.95767983555713
 9086640 128 4487.991 4785.061 4849.911 479.63351080050745 486.1337901439502 518.3120554386138 59.95418885006343 60.766723767993774 64.78900692982673
 9995280 128 5105.972 5310.059 5887.032 434.6488485199333 481.8763181350716 501.1370371792091 54.331106064991666 60.23453976688395 62.642129647401134
 10994800 128 4872.084 5522.966 5655.05 497.72659835014724 509.6299343504921 577.7135205386443 62.215824793768405 63.70374179381151 72.21419006733053
 12094240 128 5681.992 6157.16 7056.952 438.7340936993761 502.8495994906742 544.9014078161321 54.84176171242201 62.85619993633428 68.11267597701651
 13303600 128 6042.004 6196.022 7236.004 470.6633108549968 549.6626061043683 563.6741716821108 58.8329138568746 68.70782576304603 70.45927146026385
 14633920 128 7132.053 7278.919 7311.821 512.3598512600349 514.6758083171416 525.2742120676893 64.04498140750437 64.3344760396427 65.65927650846116
 16097280 128 7560.015 7809.877 9336.948 441.3544640068681 527.6528273108526 545.0919978333376 55.169308000858514 65.95660341385657 68.1364997291672
 17706960 64 4842.997 5836.01 6657.839 340.4244049758488 388.3630905361711 467.9934511625756 42.5530506219811 48.54538631702139 58.49918139532195
 19477600 64 5168.915 5548.954 6234.884 399.8683536052956 449.2977955845372 482.3319400686605 49.98354420066195 56.16222444806715 60.291492508582564
 21425360 64 5439.997 5532.98 9992.838 274.44116276076926 495.6544357651754 504.12639565793876 34.30514534509616 61.95680447064692 63.015799457242345
 23567840 64 5885.124 8178.949 9268.999 325.45947194513667 368.8351058308348 512.5947252768167 40.682433993142084 46.10438822885435 64.07434065960209
 25924560 64 5956.173 8202.076 8584.023 386.57208630498775 404.5736323340579 557.1268128041278 48.32151078812347 50.571704041757236 69.64085160051597
 28516960 64 7596.97 8011.818 8605.957 424.14468024880904 455.59832737089135 480.4772007787315 53.01808503110113 56.94979092136142 60.05965009734144
 31368640 64 9651.899 11003.971 14050.007 285.7782149147684 364.88517826882685 415.99957894296244 35.72227686434605 45.610647283603356 51.999947367870305
 34505440 32 6436.11 7129.908 8368.015 263.9034657562158 309.7302461686742 343.11846130659666 32.98793321952697 38.71628077108428 42.88980766332458
 37955920 32 8356.81 8924.007 9446.859 257.14143505264553 272.20719123147256 290.6825547068798 32.14267938158069 34.02589890393407 36.33531933835997
 41751440 32 10898.113 11080.98 11394.024 234.516985395151 241.1422238827252 245.18851658080627 29.314623174393876 30.14277798534065 30.648564572600783
 45926560 32 11519.909 12192.965 12623.072 232.85138831498384 241.06522408618412 255.1495710599797 29.10642353937298 30.133153010773015 31.893696382497463
 50519200 32 12517.929 13590.097 14513.969 222.76668773372742 237.91064920287178 258.2878365902219 27.845835966715928 29.738831150358973 32.28597957377774
 55571120 32 13125.896 15297.174 15491.962 229.57399972966627 232.4973017892063 270.95686877299653 28.696749966208284 29.062162723650786 33.869608596624566
 61128160 32 16948.938 18064.976 19896.984 196.62287711544624 216.56282521493526 230.8228539156849 24.57785963943078 27.070353151866907 28.852856739460613
 67240960 16 10288.0 10415.077 15383.005 139.87583830337442 206.5957572853278 209.1476205287714 17.484479787921803 25.824469660665976 26.143452566096425
 73965040 16 11474.133 11811.018 12077.093 195.98104278902213 200.39604376185017 206.27974941548962 24.497630348627766 25.04950547023127 25.784968676936202
 81361520 16 12902.975 14614.105 15078.068 172.67256255907589 178.1545048430951 201.78049170830758 21.584070319884486 22.26931310538689 25.222561463538447
 89497600 16 14961.958 17922.163 18576.86 154.16616155798127 159.79785475670542 191.41366390682288 19.27077019474766 19.974731844588177 23.92670798835286
 98447360 16 16561.985 18986.94 19161.224 164.4109749982569 165.9201282565806 190.21364407708373 20.551371874782113 20.740016032072575 23.776705509635466
 108292080 16 19613.981 21188.974 21559.954 160.7307028577148 163.54480212208483 176.67736906648375 20.09133785721435 20.443100265260604 22.08467113331047
 119121280 16 23144.007 25612.116 27143.955 140.4320394725087 148.83116100208198 164.7027223937497 17.554004934063588 18.603895125260248 20.587840299218712
 131033360 16 25489.092 27386.189 28050.9 149.48067691232723 153.10883599028693 164.50438956397502 18.685084614040903 19.138604498785867 20.563048695496878
 144136640 8 14164.209 19205.093 25135.04 91.75184284568475 120.0820136616886 162.81786296714486 11.468980355710594 15.010251707711076 20.352232870893108
 158550240 8 15367.985 16288.996 19976.854 126.98715423359455 155.73727441519418 165.07068688575634 15.873394279199319 19.467159301899272 20.633835860719543
 174405200 8 17874.956 19271.851 23640.871 118.03639552874343 144.79580606969202 156.11133252579756 14.754549441092928 18.099475758711502 19.513916565724696
 191845680 8 19575.834 19794.941 20908.117 146.81048895986186 155.06643237784846 156.80204889354906 18.351311119982732 19.383304047231057 19.600256111693632
 211030240 8 20422.935 24920.94 25192.022 134.02988612823535 135.48782028286254 165.3280412438271 16.75373576602942 16.935977535357818 20.666005155478388
 232133200 8 25707.006 28982.878 30241.013 122.81768471181836 128.14915068130915 144.47933765604597 15.352210588977295 16.018643835163644 18.059917207005746
 255346480 8 26618.958 26736.021 28068.066 145.55843213422685 152.81046046455452 153.4824796673108 18.194804016778356 19.101307558069315 19.18530995841385
 280881120 4 15238.047 16222.0 17079.115 131.5670607054288 138.51861422759214 147.46305481273288 16.4458825881786 17.314826778449017 18.43288185159161
 308969200 4 16852.856 17371.178 18182.993 135.9376643878156 142.2904998152687 146.6667489474781 16.99220804847695 17.786312476908588 18.333343618434764
 339866080 4 17549.992 18300.056 18864.155 144.13201333428398 148.57488086375253 154.92477945289096 18.016501666785498 18.571860107969066 19.36559743161137
 373852640 4 18314.838 19180.059 19649.029 152.21215867715398 155.9338852920108 163.30044087750053 19.026519834644247 19.49173566150135 20.412555109687567
 411237840 4 20803.928 21344.185 23317.099 141.09399801407545 154.13578546100496 158.13853614567404 17.63674975175943 19.26697318262562 19.767317018209255
 452361600 4 22678.852 23109.913 24868.011 145.5240147674054 156.59482577887678 159.57125166653057 18.190501845925674 19.574353222359598 19.94640645831632
 497597760 4 24143.934 24462.938 25897.98 153.71013801076376 162.7270640999867 164.87711074756913 19.21376725134547 20.340883012498338 20.60963884344614
 547357520 2 13828.039 16484.022 17365.932 126.07616337551018 132.82135148812588 158.3326515061174 15.759520421938772 16.602668936015736 19.791581438264675
 602093200 2 15066.862 15202.045 15595.913 154.42332872721204 158.42426463018626 159.84567987680515 19.302916090901505 19.803033078773282 19.980709984600644
 662302480 2 16149.998 16916.037 19119.978 138.55716361179915 156.6093713320679 164.0377862585494 17.319645451474894 19.576171416508487 20.504723282318675
 728532720 2 18370.152 20039.082 20236.969 144.00036290019517 145.42237413869557 158.63401021396015 18.000045362524396 18.177796767336947 19.82925127674502
 801385920 2 19859.791 20778.179 34227.848 93.65308856110381 154.27452424969482 161.40873184415685 11.706636070137977 19.284315531211853 20.176091480519606
 881524480 2 21807.909 25516.987 32974.005 106.9356882792976 138.18629605446756 161.6889505545901 13.3669610349122 17.273287006808445 20.21111881932376
 969676880 2 23728.132 24774.075 26952.028 143.91152754813106 156.5631620958603 163.46451208211414 17.988940943516383 19.570395261982537 20.433064010264268
 1066644560 2 26217.937 27174.95 29055.834 146.84067371805608 157.00408795600362 162.73508628844445 18.35508421475701 19.625510994500452 20.341885786055556
 1173308960 1 14687.777 14999.866 17092.943 137.28577460300428 156.4425922204905 159.76671759109632 17.160721825375536 19.555324027561312 19.97083969888704
 1290639840 1 16014.099 17174.006 18415.928 140.1656044702173 150.30154758301586 161.18794319930208 17.52070055877716 18.787693447876983 20.14849289991276
 1419703760 1 18151.999 18157.005 20236.015 140.31455896825537 156.38083042880695 156.4239574936072 17.53931987103192 19.547603803600868 19.5529946867009
 1561674080 1 19639.969 20080.805 21547.079 144.95459732616195 155.5389915892316 159.03019806192157 18.119324665770243 19.44237394865395 19.878774757740196
 1717841440 1 20854.95 22734.88 22766.113 150.91214209470013 151.11946401300554 164.7418421046322 18.864017761837516 18.889933001625693 20.592730263079027
 1889625520 1 24291.039 25461.912 26308.06 143.65373349460202 148.4276216177324 155.58210745946272 17.956716686825253 18.55345270221655 19.44776343243284
 2078588000 1 25346.041 26620.15 27762.89 149.73858989463994 156.1665129610464 164.01677879397417 18.717323736829993 19.5208141201308 20.50209734924677
 
META_DATA
 FLOPS          2
 OPENMP_THREADS 10
 ERT_VERSION  1.1.0
 HOSTNAME  Rezas-MacBook-Pro.local
 UNAME  uname_result(system='Darwin', node='Rezas-MacBook-Pro.local', release='21.6.0', version='Darwin Kernel Version 21.6.0: Wed Aug 10 14:28:23 PDT 2022; root:xnu-8020.141.5~2/RELEASE_ARM64_T6000', machine='arm64')
 TIMESTAMP_DATA  1705697765.180301
 CONFIG  {'ERT_RESULTS': ['Results.MyMacBookPro'], 'ERT_DRIVER': ['driver1'], 'ERT_KERNEL': ['kernel1'], 'ERT_MPI': ['False'], 'ERT_OPENMP': ['True'], 'ERT_OPENMP_CFLAGS': ['-Xpreprocessor', '-fopenmp', '-I/opt/homebrew/opt/libomp/include'], 'ERT_OPENMP_LDFLAGS': ['-L/opt/homebrew/opt/libomp/lib', '-lomp'], 'ERT_FLOPS': ['1,2,4,8,16'], 'ERT_ALIGN': ['32'], 'ERT_CC': ['clang'], 'ERT_CFLAGS': ['-O3', '-std=c++11', '-Xpreprocessor', '-fopenmp', '-I/opt/homebrew/opt/libomp/include'], 'ERT_LD': ['clang'], 'ERT_LDFLAGS': ['-L/opt/homebrew/opt/libomp/lib', '-lomp', '-lc++'], 'ERT_LDLIBS': [], 'ERT_PRECISION': ['FP64'], 'ERT_RUN': ['export', 'OMP_NUM_THREADS=ERT_OPENMP_THREADS;', './ERT_CODE'], 'ERT_PROCS_THREADS': ['1-10'], 'ERT_OPENMP_THREADS': ['1,2,4,8,10'], 'ERT_NUM_EXPERIMENTS': ['3'], 'ERT_MEMORY_MAX': ['2147483648', '#', 'Adjusted', 'to', '2GB,', 'consider', 'your', "system's", 'RAM'], 'ERT_WORKING_SET_MIN': ['1'], 'ERT_TRIALS_MIN': ['1'], 'ERT_GNUPLOT': ['gnuplot'], 'ERT_GPU': [False], 'ERT_HIP': [False], 'ERT_OCL': [False], 'ERT_SYCL': [False], 'ERT_WSS_MULT': [1.1]}
 TIMESTAMP_DATA  1705697775.513074
 TIMESTAMP_DATA  1705697784.338851
 