fp64
 32 67108864 1385213.137 1387463.093 1388058.186 3.094227129178863 3.095554265672997 3.100582272343841 3.094227129178863 3.095554265672997 3.100582272343841
 64 33554432 691940.069 693769.932 697726.965 6.155656168455523 6.19076598436382 6.207137710939529 6.155656168455523 6.19076598436382 6.207137710939529
 96 16777216 348002.911 348239.183 348807.096 9.234976893933373 9.25003741465819 9.256317605917957 9.234976893933373 9.25003741465819 9.256317605917957
 128 16777216 396219.015 396708.965 398209.095 10.785708689049407 10.82649416808617 10.839881816373705 10.785708689049407 10.82649416808617 10.839881816373705
 160 8388608 213571.072 213953.972 219789.028 12.21332376973795 12.546411430959552 12.568905212031714 12.21332376973795 12.546411430959552 12.568905212031714
 192 8388608 292823.076 293891.907 295269.012 10.90945998762647 10.960579026764421 11.000586142329848 10.90945998762647 10.960579026764421 11.000586142329848
 224 8388608 302582.026 303261.042 304899.931 12.32567148071936 12.392282105262963 12.42009128460261 12.32567148071936 12.392282105262963 12.42009128460261
 256 8388608 193048.0 193626.165 195060.015 22.018696635494468 22.181750570745436 22.24818333264266 22.018696635494468 22.181750570745436 22.24818333264266
 288 4194304 96141.1 97157.001 97356.081 24.815287131370866 24.866135009663378 25.12888976722754 24.815287131370866 24.866135009663378 25.12888976722754
 320 4194304 96643.925 97790.956 97868.919 27.428059770436416 27.449926555580454 27.775719580925546 27.428059770436416 27.449926555580454 27.775719580925546
 352 4194304 103924.036 103929.043 105471.849 27.996001245792133 28.411596323464654 28.412965177757336 27.996001245792133 28.411596323464654 28.412965177757336
 384 4194304 117091.894 117515.087 117533.922 27.40677259115032 27.411165274463865 27.51023458549573 27.40677259115032 27.411165274463865 27.51023458549573
 416 4194304 132224.083 132482.052 134252.787 25.993210315998876 26.340631620047677 26.39202215529829 25.993210315998876 26.340631620047677 26.39202215529829
 448 4194304 137034.893 137487.888 138218.164 27.18959849589668 27.334017844539147 27.424375658833107 27.18959849589668 27.334017844539147 27.424375658833107
 480 4194304 116632.938 117264.032 117874.146 34.159584409629566 34.33731359331052 34.52311078710887 34.159584409629566 34.33731359331052 34.52311078710887
 512 4194304 97446.918 98026.991 98031.044 43.81231822849913 43.81412968189547 44.074942380425 43.81231822849913 43.81412968189547 44.074942380425
 544 2097152 48371.792 48412.085 48986.197 46.57845506970055 47.130822314304375 47.17008160458475 46.57845506970055 47.130822314304375 47.17008160458475
 576 2097152 49699.068 49832.106 51167.011 47.21634226396379 48.481176051439604 48.61095391165082 47.21634226396379 48.481176051439604 48.61095391165082
 608 2097152 51203.012 51357.985 51528.931 49.489418517143314 49.654144959152895 49.8044300987606 49.489418517143314 49.654144959152895 49.8044300987606
 640 2097152 54257.154 54280.996 55210.829 48.62007342798639 49.45293487245518 49.474665774028615 48.62007342798639 49.45293487245518 49.474665774028615
 704 2097152 52622.08 52755.117 53841.114 54.8426619850399 55.97163240108064 56.1131376030746 54.8426619850399 55.97163240108064 56.1131376030746
 768 2097152 54825.068 55183.887 56226.015 57.29065935048038 58.37257299399732 58.754609697884916 57.29065935048038 58.37257299399732 58.754609697884916
 832 2097152 60066.938 60091.019 60111.046 58.053571851003895 58.072919815189024 58.09620140783604 58.053571851003895 58.072919815189024 58.09620140783604
 896 2097152 66186.905 66238.165 72096.109 52.12620259437303 56.73611858057965 56.78005919751044 52.12620259437303 56.73611858057965 56.78005919751044
 960 2097152 72493.792 72654.963 72727.203 55.364865881065164 55.41991453495062 55.54312623072607 55.364865881065164 55.41991453495062 55.54312623072607
 1056 1048576 30449.867 30457.02 30467.033 72.68815811503535 72.71205495481829 72.7291357955685 72.68815811503535 72.71205495481829 72.7291357955685
 1152 1048576 34665.108 34666.061 34672.976 69.6772928865408 69.69119173937874 69.69310766318685 69.6772928865408 69.69119173937874 69.69310766318685
 1248 1048576 39213.181 39283.991 39822.102 65.7234441316031 66.62372201439511 66.74402915693068 65.7234441316031 66.62372201439511 66.74402915693068
 1344 1048576 43869.019 43956.995 43963.194 64.11209085490921 64.12113221115318 64.24972229262751 64.11209085490921 64.12113221115318 64.24972229262751
 1472 1048576 50343.99 50516.129 59062.004 52.267236716180506 61.10934873889486 61.318297258520836 52.267236716180506 61.10934873889486 61.318297258520836
 1600 1048576 45246.84 45477.867 46609.163 71.99106321647525 73.78189482809297 74.15861969587269 71.99106321647525 73.78189482809297 74.15861969587269
 1760 1048576 53251.028 53360.939 53495.884 68.99572909198024 69.17021306540353 69.31298152591533 68.99572909198024 69.17021306540353 69.31298152591533
 1920 1048576 61196.089 61462.164 62526.941 64.39675083417242 65.51236692544701 65.7972087072427 64.39675083417242 65.51236692544701 65.7972087072427
 2112 524288 29575.825 29791.832 30239.105 73.2360469001976 74.33555989440327 74.87846956086601 73.2360469001976 74.33555989440327 74.87846956086601
 2304 524288 34325.838 34410.954 35692.215 67.68756447309308 70.20785020955826 70.3819409740266 67.68756447309308 70.20785020955826 70.3819409740266
 2528 524288 39869.07 39937.973 44152.975 60.03672749118265 66.37292603708256 66.48763384749131 60.03672749118265 66.37292603708256 66.48763384749131
 2752 524288 39767.027 39768.934 39924.86 72.27780265228232 72.56118939471699 72.56466901586583 72.27780265228232 72.56118939471699 72.56466901586583
 3008 524288 46185.017 46446.085 46675.205 67.57584906161632 67.9092028531576 68.29307019633661 67.57584906161632 67.9092028531576 68.29307019633661
 3296 524288 47578.096 47588.11 50112.009 68.96763001459391 72.62542042539617 72.64070626113327 68.96763001459391 72.62542042539617 72.64070626113327
 3616 524288 49846.888 50128.937 51126.003 74.16286416913914 75.63796567240196 76.06594851016578 74.16286416913914 75.63796567240196 76.06594851016578
 3968 524288 58477.163 58840.99 60896.158 68.32532141026039 70.71175328627204 71.15170016028308 68.32532141026039 70.71175328627204 71.15170016028308
 4352 262144 31198.025 31243.086 31413.078 72.63539650587566 73.03060190661063 73.13608396685368 72.63539650587566 73.03060190661063 73.13608396685368
 4768 262144 33481.836 33523.083 33559.084 74.48967272169884 74.56966842816932 74.66153242014565 74.48967272169884 74.56966842816932 74.66153242014565
 5216 262144 36210.06 36231.041 36822.081 74.26756266165403 75.47909561858849 75.52283006435229 74.26756266165403 75.47909561858849 75.52283006435229
 5728 262144 39696.932 39777.994 40061.951 74.96194241763213 75.497061616531 75.65122826116638 74.96194241763213 75.497061616531 75.65122826116638
 6272 262144 43627.024 43777.943 43870.211 74.95597265306063 75.11395261307733 75.3737943711219 74.95597265306063 75.11395261307733 75.3737943711219
 6880 262144 48252.821 48301.935 48344.135 74.61301024415889 74.67819746765839 74.75420846379116 74.61301024415889 74.67819746765839 74.75420846379116
 7552 262144 53828.955 54250.956 55340.052 71.54714954008355 72.98346919453364 73.55563517813043 71.54714954008355 72.98346919453364 73.55563517813043
 8288 131072 28588.057 28614.044 28914.928 75.13936994759246 75.92947966390209 75.99850077254288 75.13936994759246 75.92947966390209 75.99850077254288
 9088 131072 32279.968 32303.095 33342.838 71.4505667453982 73.7503533949301 73.80319187429183 71.4505667453982 73.7503533949301 73.80319187429183
 9984 131072 34869.909 35600.901 35776.854 73.15471885817574 73.51627690546371 75.05742834029192 73.15471885817574 73.51627690546371 75.05742834029192
 10976 131072 38176.06 38625.002 41867.971 68.72299935432744 74.49300699065336 75.36902823392461 68.72299935432744 74.49300699065336 75.36902823392461
 12064 131072 42006.016 42161.942 42342.186 74.68922875167569 75.0085282124813 75.28695927745207 74.68922875167569 75.0085282124813 75.28695927745207
 13248 131072 46608.925 46620.846 47778.13 72.68772787884332 74.49207832908051 74.51113090464969 72.68772787884332 74.49207832908051 74.51113090464969
 14560 131072 50421.0 50539.97 51245.213 74.48142795308509 75.5207539695809 75.69894766069693 74.48142795308509 75.5207539695809 75.69894766069693
 16000 131072 55097.103 55160.999 56999.922 73.58438139617103 76.03749163426137 76.12567216102087 73.58438139617103 76.03749163426137 76.12567216102087
 17600 65536 30394.077 30406.952 30511.856 75.60560065569267 75.86644001674354 75.8985772129221 75.60560065569267 75.86644001674354 75.8985772129221
 19360 65536 33656.12 33894.062 34074.068 74.47170440582558 74.86721184377372 75.3965079753697 74.47170440582558 74.86721184377372 75.3965079753697
 21280 65536 36792.04 36895.99 38125.992 73.15775967219423 75.59662066257066 75.81020677298677 73.15775967219423 75.59662066257066 75.81020677298677
 23392 65536 40524.006 40557.861 42083.025 72.85684011546222 75.5965957869425 75.65975150630467 72.85684011546222 75.5965957869425 75.65975150630467
 25728 65536 44137.001 45248.032 46893.835 71.91180708508912 74.52744941481654 76.40347870486264 71.91180708508912 74.52744941481654 76.40347870486264
 28288 65536 48605.204 48930.883 49931.049 74.25769757010313 75.77555336575472 76.28328719698409 74.25769757010313 75.77555336575472 76.28328719698409
 31104 65536 53669.93 53797.96 54418.802 74.91645053119692 75.78100522770752 75.96178135503438 74.91645053119692 75.78100522770752 75.96178135503438
 34208 32768 29572.01 29970.169 31080.008 72.13175389144044 74.80289777478399 75.81004767684037 72.13175389144044 74.80289777478399 75.81004767684037
 37600 32768 32416.821 32627.106 34780.979 70.84773548208635 75.52473700854742 76.01465917956607 70.84773548208635 75.52473700854742 76.01465917956607
 41344 32768 35649.061 35796.881 36848.068 73.53222383328212 75.691521392604 76.0053787671995 73.53222383328212 75.691521392604 76.0053787671995
 45472 32768 39218.187 39322.138 42577.028 69.99203871157941 75.78562976407845 75.98650575050806 69.99203871157941 75.78562976407845 75.98650575050806
 50016 32768 43058.872 43153.048 44849.157 73.08606884182906 75.95868027676747 76.12481293053844 73.08606884182906 75.95868027676747 76.12481293053844
 55008 32768 47230.959 47589.064 48758.984 73.93518060179433 75.75278824563559 76.3271456757844 73.93518060179433 75.75278824563559 76.3271456757844
 60480 32768 51850.08 52196.98 52406.073 75.63278553613434 75.93575873546706 76.44380259394006 75.63278553613434 75.93575873546706 76.44380259394006
 66528 16384 28614.044 28704.166 30130.863 72.35071574285807 75.94679824524425 76.18599817628014 72.35071574285807 75.94679824524425 76.18599817628014
 73152 16384 31503.916 31519.175 32997.847 72.64245864283204 76.05036413548261 76.08719931833235 72.64245864283204 76.05036413548261 76.08719931833235
 80448 16384 34950.018 35315.99 37873.983 69.60239867034845 74.64381046659035 75.42542793540193 69.60239867034845 74.64381046659035 75.42542793540193
 88480 16384 38641.93 38771.868 39258.003 73.85277952115904 74.77877104090007 75.03022338687535 73.85277952115904 74.77877104090007 75.03022338687535
 97312 16384 42015.076 42263.031 42888.88 74.34840023801043 75.44938307903189 75.89465305263283 74.34840023801043 75.44938307903189 75.89465305263283
 107040 16384 45825.005 46473.026 46949.148 74.70820812339342 75.47360311764507 76.54089115756781 74.70820812339342 75.47360311764507 76.54089115756781
 117728 16384 50523.043 52316.904 52773.952 73.09877236406324 73.73737375590879 76.35547811322449 73.09877236406324 73.73737375590879 76.35547811322449
 129472 16384 55853.844 56678.057 57058.096 74.35471551662012 74.85328045031606 75.95786059057994 74.35471551662012 74.85328045031606 75.95786059057994
 142400 8192 30468.941 30583.858 31157.97 74.87912723454063 76.28473817789764 76.57245455298232 74.87912723454063 76.28473817789764 76.57245455298232
 156640 8192 33697.844 33996.82 34275.055 74.87631340051824 75.48911221696618 76.15887117288572 74.87631340051824 75.48911221696618 76.15887117288572
 172288 8192 36953.211 37019.014 39602.995 71.27659390407214 76.25180378926353 76.38758623709316 71.27659390407214 76.25180378926353 76.38758623709316
 189504 8192 41306.019 41377.783 41715.86 74.42813203419514 75.0362467703985 75.16661278832028 74.42813203419514 75.0362467703985 75.16661278832028
 208448 8192 44706.106 44776.917 46003.103 74.238731939452 76.2717100866949 76.39251855216376 74.238731939452 76.2717100866949 76.39251855216376
 229280 8192 49130.917 49232.96 50722.837 74.05980702538385 76.30098860600704 76.45946278592764 74.05980702538385 76.30098860600704 76.45946278592764
 252192 8192 54064.989 55136.919 55536.032 74.40059325808512 74.93914790559842 76.42494346942344 74.40059325808512 74.93914790559842 76.42494346942344
 277408 4096 29664.993 29764.175 30173.063 75.31639515683243 76.35106083067983 76.60633312807457 75.31639515683243 76.35106083067983 76.60633312807457
 305120 4096 32729.864 32803.059 32940.865 75.87970261254523 76.19847405084994 76.36887950405169 75.87970261254523 76.19847405084994 76.36887950405169
 335616 4096 35932.064 35953.045 36071.062 76.22082965009459 76.47102691858228 76.51567892119974 76.22082965009459 76.47102691858228 76.51567892119974
 369152 4096 39569.139 39648.056 39996.147 75.60961269594294 76.27342899233194 76.42554931508617 75.60961269594294 76.27342899233194 76.42554931508617
 406048 4096 43413.162 44507.027 44894.934 74.09177204715347 74.73752888504549 76.62066209321496 74.09177204715347 74.73752888504549 76.62066209321496
 446624 4096 47788.858 47791.004 72123.051 50.72918792633994 76.55716561217254 76.56060347790692 50.72918792633994 76.55716561217254 76.56060347790692
 491264 4096 52642.822 52783.012 55100.918 73.03752521872686 76.24488515357933 76.44792841842713 73.03752521872686 76.24488515357933 76.44792841842713
 540384 2048 29114.962 29247.046 35248.995 62.79364458476049 75.67987768747655 76.02320978471481 62.79364458476049 75.67987768747655 76.02320978471481
 594400 2048 31972.885 32058.954 34565.926 70.43532986791675 75.94328872988183 76.1477232974128 70.43532986791675 75.94328872988183 76.1477232974128
 653824 2048 35178.9 35223.007 38640.022 69.30801188467233 76.03164329496343 76.12697111052364 69.30801188467233 76.03164329496343 76.12697111052364
 719200 2048 38685.083 38695.097 41990.995 70.15416519660941 76.12962438109406 76.14933125515073 70.15416519660941 76.12962438109406 76.14933125515073
 791104 2048 42574.883 42869.806 46684.98 69.40909011849207 75.58611261268597 76.10970966144522 69.40909011849207 75.58611261268597 76.10970966144522
 870208 2048 46777.01 46869.04 48333.168 73.74587918590399 76.04960477108129 76.19922624383217 73.74587918590399 76.04960477108129 76.19922624383217
 957216 2048 51512.957 51975.012 53462.029 73.33722287270466 75.4354176195284 76.11204955677461 73.33722287270466 75.4354176195284 76.11204955677461
 1052928 1024 28301.001 28317.928 29433.966 73.26218097826165 76.14951715393867 76.19506264107055 73.26218097826165 76.14951715393867 76.19506264107055
 1158208 1024 31111.956 31342.03 32970.905 71.94251974581832 75.68144067247718 76.24110756649308 71.94251974581832 75.68144067247718 76.24110756649308
 1274016 1024 34204.006 34224.987 35984.039 72.50950256028791 76.23625300427433 76.28301690743476 72.50950256028791 76.23625300427433 76.28301690743476
 1401408 1024 37618.876 37751.913 40321.112 71.18066545386942 76.02485161480426 76.29370914750352 71.18066545386942 76.02485161480426 76.29370914750352
 1541536 1024 41399.002 41448.116 43359.041 72.81216685581217 76.16910085852876 76.25946461221457 72.81216685581217 76.16910085852876 76.25946461221457
 1695680 1024 45576.096 45583.963 47728.062 72.76123300376203 76.1836490609647 76.19679930461794 72.76123300376203 76.1836490609647 76.19679930461794
 1865248 1024 50077.915 50137.997 51547.05 74.10759498361205 76.1902774855565 76.28168832508302 74.10759498361205 76.1902774855565 76.28168832508302
 2051744 1024 55757.046 55873.871 57511.806 73.0627675298529 75.20459271561836 75.36216520509353 73.0627675298529 75.20459271561836 75.36216520509353
 2256896 512 30420.78 31412.84 31507.015 73.35069678927059 73.57060055696971 75.96983062235749 73.35069678927059 73.57060055696971 75.96983062235749
 2482560 512 33424.854 33863.068 35547.018 71.5149000684108 75.07120855086137 76.05542390701244 71.5149000684108 75.07120855086137 76.05542390701244
 2730816 512 36934.137 38762.093 39061.069 71.58932552511556 72.14150133740199 75.71195135817035 71.58932552511556 72.14150133740199 75.71195135817035
 3003872 512 40314.913 41907.072 47163.963 65.21854255546761 73.3996621858955 76.29843894243304 65.21854255546761 73.3996621858955 76.29843894243304
 3304256 512 44478.893 45981.169 89764.118 37.69388280515384 73.58573558667027 76.07109610394306 37.69388280515384 73.58573558667027 76.07109610394306
 3634656 512 48911.095 50236.94 51150.084 72.76405927309914 74.08667295420462 76.09495849561331 72.76405927309914 74.08667295420462 76.09495849561331
 3998112 512 53694.01 55163.145 56432.962 72.5474358053366 74.21742701580919 76.24810827129507 72.5474358053366 74.21742701580919 76.24810827129507
 4397920 256 29649.973 30172.825 30176.878 74.61789254673727 74.62791568240627 75.94391536208143 74.61789254673727 74.62791568240627 75.94391536208143
 4837696 256 32533.884 33418.179 33427.954 74.09667824719396 74.11835193054654 76.13294348747294 74.09667824719396 74.11835193054654 76.13294348747294
 5321440 256 35844.088 36514.997 38127.899 71.45888841134415 74.61529518953542 76.01190132107699 71.45888841134415 74.61529518953542 76.01190132107699
 5853568 256 39720.058 40894.985 41193.962 72.75403167095216 73.28592530355495 75.45373715214616 72.75403167095216 73.28592530355495 75.45373715214616
 6438912 256 43274.164 43531.895 43756.008 75.34332071609458 75.73120683122112 76.18224453741036 75.34332071609458 75.73120683122112 76.18224453741036
 7082784 256 49127.817 49268.007 50066.948 72.43072631469367 73.60527914189832 73.81531746057432 72.43072631469367 73.60527914189832 73.81531746057432
 7791040 256 52539.825 52613.974 52683.115 75.71709607527953 75.81659731690291 75.92359662408468 75.71709607527953 75.81659731690291 75.92359662408468
 8570144 128 28834.105 28975.01 31750.202 69.1005639586167 75.71893379846979 76.08895313379763 69.1005639586167 75.71893379846979 76.08895313379763
 9427136 128 31829.119 31882.048 33198.118 72.69529001613884 75.69610383874964 75.82197974125518 72.69529001613884 75.69610383874964 75.82197974125518
 10369824 128 35117.149 35142.899 37595.987 70.61059319974761 75.5394409550561 75.59483100407724 70.61059319974761 75.5394409550561 75.59483100407724
 11406784 128 38685.083 38748.026 49546.957 58.936751736337705 75.36220565145693 75.48482457695644 58.936751736337705 75.36220565145693 75.48482457695644
 12547456 128 42665.958 44196.844 45509.1 70.58255900468258 72.67823774928364 75.28598645318125 70.58255900468258 72.67823774928364 75.28598645318125
 13802176 128 46902.895 46916.962 52473.783 67.3356646689643 75.31086637706849 75.33345342542289 67.3356646689643 75.31086637706849 75.33345342542289
 15182368 128 51672.935 51700.115 55266.857 70.32580499375963 75.17751571732481 75.21705914324394 70.32580499375963 75.17751571732481 75.21705914324394
 16700576 128 57029.963 57044.029 59278.011 72.1236658227281 74.94820283469107 74.96668823018526 72.1236658227281 74.94820283469107 74.96668823018526
 18370624 64 31636.0 31819.82 32917.023 71.43537469958932 73.89859125538736 74.32797673536477 71.43537469958932 73.89859125538736 74.32797673536477
 20207680 64 34898.996 34900.904 36683.083 70.51160449082211 74.1122075233352 74.11625939038474 70.51160449082211 74.1122075233352 74.11625939038474
 22228448 64 38445.95 38526.058 39015.055 72.92675465919503 73.85238697403199 74.00626968510338 72.92675465919503 73.85238697403199 74.00626968510338
 24451264 64 42393.923 42623.997 44391.87 70.5030401287443 73.42722438723895 73.82571770958776 70.5030401287443 73.42722438723895 73.82571770958776
 26896384 64 46430.111 46800.852 48047.066 71.65343149152957 73.56142046302918 74.14880296107843 71.65343149152957 73.56142046302918 74.14880296107843
 29586016 64 50879.955 51008.94 61475.039 61.6024017162478 74.24208477964842 74.43029475949811 61.6024017162478 74.24208477964842 74.43029475949811
 32544608 64 55638.075 55983.067 59329.033 70.21368145339568 74.41017520529913 74.87156635092067 70.21368145339568 74.41017520529913 74.87156635092067
 35799040 32 30574.083 30985.117 31709.909 72.25307899811379 73.94319537344332 74.93727808614898 72.25307899811379 73.94319537344332 74.93727808614898
 39378944 32 33558.846 34951.925 35413.98 71.16546674505378 72.10625497737249 75.09949585274775 71.16546674505378 72.10625497737249 75.09949585274775
 43316832 32 36935.091 37073.135 39930.105 69.42824838552265 74.77860310437734 75.05808630605512 69.42824838552265 74.77860310437734 75.05808630605512
 47648512 32 40544.987 40601.015 43872.833 69.50781518941345 75.10907714991855 75.21286831341196 69.50781518941345 75.10907714991855 75.21286831341196
 52413344 32 44613.123 44690.847 52329.063 64.10307816900907 75.05908348526042 75.18984976685 64.10307816900907 75.05908348526042 75.18984976685
 57654656 32 49147.844 49522.877 56280.851 65.56222797697212 74.50895843551254 75.07751477358804 65.56222797697212 74.50895843551254 75.07751477358804
 63420096 32 54182.053 56548.834 57723.999 70.31540112111774 71.77665491741173 74.91200350049489 70.31540112111774 71.77665491741173 74.91200350049489
 69762080 16 29889.822 29917.955 31093.836 71.79514808015325 74.61695025612546 74.68718147602218 71.79514808015325 74.61695025612546 74.68718147602218
 76738272 16 32886.028 33119.202 33324.957 73.68725799106056 74.14504443675906 74.67075999570395 73.68725799106056 74.14504443675906 74.67075999570395
 84412096 16 36095.142 36291.122 36753.178 73.49533343756016 74.43107082773578 74.8351972683748 73.49533343756016 74.43107082773578 74.8351972683748
 92853280 16 39561.987 39659.023 45393.944 65.45597712329203 74.92128487381042 75.10504869232174 65.45597712329203 74.92128487381042 75.10504869232174
 102138592 16 43629.885 43699.026 44872.046 72.83899967476411 74.79422868601237 74.91275633662569 72.83899967476411 74.79422868601237 74.91275633662569
 112352448 16 48565.149 49046.04 51308.87 70.07128272363043 73.3041512831617 74.03000732068175 70.07128272363043 73.3041512831617 74.03000732068175
 123587680 16 53127.05 53803.921 54085.016 73.12202255796689 73.50404369228035 74.44053001248894 73.12202255796689 73.50404369228035 74.44053001248894
 135946432 8 29040.813 29628.992 30117.989 72.22072204090387 73.41265312029515 74.89951854998 72.22072204090387 73.41265312029515 74.89951854998
 149541056 8 31991.005 32299.042 32567.978 73.46654729378656 74.07826201161014 74.79155143766192 73.46654729378656 74.07826201161014 74.79155143766192
 164495136 8 35327.196 35511.971 35835.028 73.44551749757248 74.113660883537 74.50130420767047 73.44551749757248 74.113660883537 74.50130420767047
 180944640 8 38627.863 38650.036 39924.86 72.51407368742181 74.90586140721835 74.94885854803823 72.51407368742181 74.90586140721835 74.94885854803823
 199039104 8 42474.031 42584.896 43985.844 72.40114942434661 74.78298559188684 74.9781828807348 72.40114942434661 74.78298559188684 74.9781828807348
 218943008 8 46894.073 47066.927 47945.976 73.06323533803963 74.42780634478218 74.70215112259497 73.06323533803963 74.42780634478218 74.70215112259497
 240837280 8 51373.959 51455.975 51672.935 74.5728199878718 74.88725031446785 75.00680412813814 74.5728199878718 74.88725031446785 75.00680412813814
 264920992 8 57151.079 59563.875 60038.09 70.60077813934456 71.16286292656413 74.1672063969256 70.60077813934456 71.16286292656413 74.1672063969256
 291413088 4 31099.081 31417.131 32529.116 71.66824650261015 74.20488853676677 74.96378121269886 71.66824650261015 74.20488853676677 74.96378121269886
 320554368 4 34261.942 34645.081 35378.933 72.48480173214948 74.02017458120532 74.84791562603192 72.48480173214948 74.02017458120532 74.84791562603192
 352609792 4 37544.012 38340.092 38368.225 73.52121022017567 73.57515824427338 75.13523956896242 73.52121022017567 73.57515824427338 75.13523956896242
 387870752 4 41344.166 41403.055 42515.993 72.98350096162636 74.94533956491857 75.05208875177215 72.98350096162636 74.94533956491857 75.05208875177215
 426657824 4 45744.896 46092.033 50271.034 67.89720283056045 74.05320116819321 74.61515689094583 67.89720283056045 74.05320116819321 74.61515689094583
 469323584 4 50104.141 50125.837 50436.974 74.44119609554689 74.90326140588934 74.93569587391988 74.44119609554689 74.90326140588934 74.93569587391988
 516255936 4 54996.967 55084.944 56352.139 73.28998617071127 74.9759768839921 75.09591370738681 73.28998617071127 74.9759768839921 75.09591370738681
 567881504 2 30264.139 30328.989 30330.896 74.89149070967109 74.8961996722014 75.0566872561615 74.89149070967109 74.8961996722014 75.0566872561615
 624669632 2 33296.824 33432.007 33816.814 73.8886439154203 74.7391123721648 75.04254844245806 73.8886439154203 74.7391123721648 75.04254844245806
 687136576 2 36811.113 36875.963 36880.016 74.52671126823806 74.53490242410753 74.66621028274804 74.52671126823806 74.53490242410753 74.66621028274804
 755850208 2 40249.825 40318.012 41164.875 73.44613173245395 74.98883704881084 75.11587521187981 73.44613173245395 74.98883704881084 75.11587521187981
 831435200 2 44369.936 44396.162 45288.086 73.43522532614868 74.91054744777263 74.95482526727108 73.43522532614868 74.91054744777263 74.95482526727108
 914578720 2 48808.098 49816.132 58979.988 62.02637545467117 73.4363494941759 74.95303094990507 62.02637545467117 73.4363494941759 74.95303094990507
 1006036576 2 53555.012 53750.038 57161.093 70.40009371409326 74.86778528417041 75.14042390654306 70.40009371409326 74.86778528417041 75.14042390654306
 1106640224 1 29536.963 29546.976 30426.025 72.74300366216092 74.90717317399925 74.93256662846481 72.74300366216092 74.90717317399925 74.93256662846481
 1217304224 1 32436.132 32945.871 34402.132 70.76911535599015 73.89722517883956 75.05853188660103 70.76911535599015 73.89722517883956 75.05853188660103
 1339034624 1 35743.952 36075.115 40641.069 65.89563990061383 74.23591714122048 74.92370312046077 65.89563990061383 74.23591714122048 74.92370312046077
 1472938080 1 39300.203 39551.973 42219.162 69.7758084350419 74.48114307723664 74.95829372687973 69.7758084350419 74.48114307723664 74.95829372687973
 1620231872 1 43181.896 43356.18 43843.985 73.90896936033528 74.74052704827777 75.04218304819224 73.90896936033528 74.74052704827777 75.04218304819224
 1782255040 1 47445.059 48231.125 50532.103 70.53951584005914 73.90476751267983 75.12921587893905 70.53951584005914 73.90476751267983 75.12921587893905
 1960480544 1 52248.955 54363.012 55768.013 70.30842371952538 72.12553064572654 75.04381835005121 70.30842371952538 72.12553064572654 75.04381835005121
 
META_DATA
 FLOPS          16
 OPENMP_THREADS 4
 ERT_VERSION  1.1.0
 HOSTNAME  Rezas-MacBook-Pro.local
 UNAME  uname_result(system='Darwin', node='Rezas-MacBook-Pro.local', release='21.6.0', version='Darwin Kernel Version 21.6.0: Wed Aug 10 14:28:23 PDT 2022; root:xnu-8020.141.5~2/RELEASE_ARM64_T6000', machine='arm64')
 TIMESTAMP_DATA  1705699232.50559
 CONFIG  {'ERT_RESULTS': ['Results.MyMacBookPro'], 'ERT_DRIVER': ['driver1'], 'ERT_KERNEL': ['kernel1'], 'ERT_MPI': ['False'], 'ERT_OPENMP': ['True'], 'ERT_OPENMP_CFLAGS': ['-Xpreprocessor', '-fopenmp', '-I/opt/homebrew/opt/libomp/include'], 'ERT_OPENMP_LDFLAGS': ['-L/opt/homebrew/opt/libomp/lib', '-lomp'], 'ERT_FLOPS': ['1,2,4,8,16'], 'ERT_ALIGN': ['32'], 'ERT_CC': ['clang'], 'ERT_CFLAGS': ['-O3', '-std=c++11', '-Xpreprocessor', '-fopenmp', '-I/opt/homebrew/opt/libomp/include'], 'ERT_LD': ['clang'], 'ERT_LDFLAGS': ['-L/opt/homebrew/opt/libomp/lib', '-lomp', '-lc++'], 'ERT_LDLIBS': [], 'ERT_PRECISION': ['FP64'], 'ERT_RUN': ['export', 'OMP_NUM_THREADS=ERT_OPENMP_THREADS;', './ERT_CODE'], 'ERT_PROCS_THREADS': ['1-10'], 'ERT_OPENMP_THREADS': ['1,2,4,8,10'], 'ERT_NUM_EXPERIMENTS': ['3'], 'ERT_MEMORY_MAX': ['2147483648', '#', 'Adjusted', 'to', '2GB,', 'consider', 'your', "system's", 'RAM'], 'ERT_WORKING_SET_MIN': ['1'], 'ERT_TRIALS_MIN': ['1'], 'ERT_GNUPLOT': ['gnuplot'], 'ERT_GPU': [False], 'ERT_HIP': [False], 'ERT_OCL': [False], 'ERT_SYCL': [False], 'ERT_WSS_MULT': [1.1]}
 TIMESTAMP_DATA  1705699261.4770188
 TIMESTAMP_DATA  1705699290.85103
 