fp64
 32 67108864 771646.976 772452.116 774125.814 5.548151499828425 5.5601728664304675 5.565974376344864 2.7740757499142124 2.7800864332152337 2.782987188172432
 64 33554432 436125.994 436185.837 443305.969 9.68849416958787 9.84664547005913 9.847996576879112 4.844247084793935 4.923322735029565 4.923998288439556
 96 16777216 251883.984 255439.997 255781.889 12.593641733563084 12.610497611303995 12.788528356769202 6.296820866781542 6.305248805651997 6.394264178384601
 128 16777216 342288.971 342770.1 343627.93 12.498888830136714 12.530169043332545 12.547781727971598 6.249444415068357 6.265084521666273 6.273890863985799
 160 8388608 200901.985 201505.899 202256.203 13.27205059812183 13.321468866774962 13.361513376784208 6.636025299060915 6.660734433387481 6.680756688392104
 192 8388608 217973.948 219867.945 220035.076 14.639599879066553 14.650728063156272 14.778029675362855 7.319799939533277 7.325364031578136 7.389014837681428
 224 8388608 237791.061 238015.89 239992.857 15.659200990302809 15.78926677542411 15.804195364602036 7.829600495151404 7.894633387712055 7.902097682301018
 256 8388608 105928.898 106058.121 106884.956 40.18308522295692 40.496354786447704 40.54575641861204 20.09154261147846 20.248177393223852 20.27287820930602
 288 4194304 52459.955 52572.012 53406.0 45.236847994607345 45.954472961772886 46.05263393763872 22.618423997303672 22.977236480886443 23.02631696881936
 320 4194304 54394.96 55736.065 57255.983 46.88338963632849 48.16189589272224 49.34932501099367 23.441694818164244 24.08094794636112 24.674662505496833
 352 4194304 62025.07 62166.929 62171.936 47.493937071543016 47.49776229094411 47.60639554296351 23.746968535771508 23.748881145472055 23.803197771481756
 384 4194304 84880.114 85067.987 85397.959 37.72016930755921 37.86648286387687 37.95029624960211 18.860084653779605 18.933241431938434 18.975148124801056
 416 4194304 132883.072 132965.088 133599.997 26.12021711347793 26.244941288648647 26.2611397785867 13.060108556738966 13.122470644324324 13.13056988929335
 448 4194304 128501.177 129101.038 129470.11 29.02674898476567 29.109730194423378 29.245618380600515 14.513374492382836 14.554865097211689 14.622809190300257
 480 4194304 129491.091 129954.1 130403.042 30.877591337171413 30.98426167392948 31.095049156702213 15.438795668585707 15.49213083696474 15.547524578351107
 512 4194304 56679.964 56751.966 57049.99 75.28427780618368 75.679621319198 75.77575906717232 37.64213890309184 37.839810659599 37.88787953358616
 544 2097152 28435.946 28509.855 28514.147 80.01997661020685 80.03202317233813 80.24003759185645 40.00998830510343 40.016011586169064 40.120018795928225
 576 2097152 28649.092 28659.105 28672.934 84.25782670165529 84.29848398964307 84.32794672864325 42.128913350827645 42.14924199482154 42.16397336432163
 608 2097152 28779.984 28844.833 28954.983 88.07246863173776 88.40879168896558 88.6080003380127 44.03623431586888 44.20439584448279 44.30400016900635
 640 2097152 44253.111 44295.073 48282.146 55.597250379053165 60.601651113657724 60.65911524276791 27.798625189526582 30.300825556828862 30.329557621383955
 704 2097152 54949.999 55033.207 55159.092 53.532244801999276 53.654696445366156 53.73594303432107 26.766122400999638 26.827348222683078 26.867971517160534
 768 2097152 30859.947 31322.956 31461.0 102.38789205683226 102.8391276991865 104.38208050065673 51.19394602841613 51.41956384959325 52.19104025032836
 832 2097152 32158.136 32219.172 32227.993 108.28042962526399 108.31007475921481 108.51564680241418 54.140214812631996 54.15503737960741 54.25782340120709
 896 2097152 33874.035 33876.896 34510.851 108.89607978661552 110.93390563291275 110.94327510732039 54.44803989330776 55.46695281645638 55.471637553660194
 960 2097152 37708.044 37938.118 38007.975 105.93913093238984 106.13420096379055 106.7817742018122 52.96956546619492 53.067100481895274 53.3908871009061
 1056 1048576 16880.989 16889.811 16891.003 131.11077607410286 131.12002922945672 131.18855251904967 65.55538803705143 65.56001461472836 65.59427625952483
 1152 1048576 18137.932 18189.907 18228.054 132.53850926708907 132.81646266800595 133.1970537765827 66.26925463354453 66.40823133400298 66.59852688829135
 1248 1048576 19805.908 19889.832 20231.009 129.36802588541187 131.58711928788537 132.14469621892619 64.68401294270593 65.79355964394269 66.07234810946309
 1344 1048576 21631.956 21642.923 21993.876 128.15259520422867 130.23066653242725 130.29669106205654 64.07629760211434 65.11533326621363 65.14834553102827
 1472 1048576 24207.115 24516.821 25070.906 123.13108046434381 125.91386721793988 127.52481012297417 61.565540232171905 62.95693360896994 63.76240506148709
 1600 1048576 22629.976 22657.871 23155.928 144.9064446909664 148.09172494626702 148.27427125861732 72.4532223454832 74.04586247313351 74.13713562930866
 1760 1048576 25820.017 26058.912 26267.767 140.5139431912884 141.64012373195013 142.95062315412108 70.2569715956442 70.82006186597506 71.47531157706054
 1920 1048576 29694.08 30073.881 30331.135 132.75242881613232 133.88800201743166 135.6004914110826 66.37621440806616 66.94400100871583 67.8002457055413
 2112 524288 14736.891 14904.976 14934.778 148.28426053604545 148.58074994552155 150.27542186476103 74.14213026802273 74.29037497276077 75.13771093238051
 2304 524288 16915.798 16989.946 17621.994 137.0968066383407 142.19698544068356 142.82028574708684 68.54840331917035 71.09849272034178 71.41014287354342
 2528 524288 19429.207 19510.984 20517.111 129.19948271469605 135.86193951058542 136.43377869204855 64.59974135734802 67.93096975529271 68.21688934602427
 2752 524288 19597.054 20091.057 20449.162 141.11488539236962 143.6301311573602 147.25076289528008 70.55744269618481 71.8150655786801 73.62538144764004
 3008 524288 22471.905 22769.928 23251.057 135.65476218995119 138.52114982533104 140.35822098749526 67.82738109497559 69.26057491266552 70.17911049374763
 3296 524288 23400.784 23653.03 24409.771 141.58701021816222 146.11686096876383 147.69191049325525 70.79350510908111 73.05843048438192 73.84595524662763
 3616 524288 24805.069 25061.846 25758.028 147.20268244137324 151.2917610298938 152.85790239083795 73.60134122068662 75.6458805149469 76.42895119541897
 3968 524288 28836.966 28949.976 28984.07 143.55297817042256 143.722038595127 144.28527494882783 71.77648908521128 71.8610192975635 72.14263747441392
 4352 262144 15501.976 15607.834 16283.989 140.11931449965977 146.18949535214173 147.1877763196124 70.05965724982988 73.09474767607087 73.5938881598062
 4768 262144 16575.098 16613.007 16623.02 150.38213176667057 150.47277016135607 150.816917281575 75.19106588333528 75.23638508067803 75.4084586407875
 5216 262144 17997.98 18017.054 18486.023 147.93264121763775 151.78320540083854 151.94406305596516 73.96632060881888 75.89160270041927 75.97203152798258
 5728 262144 19773.006 19792.08 19843.102 151.34335669896774 151.73350471501732 151.87987420830194 75.67167834948387 75.86675235750866 75.93993710415097
 6272 262144 21652.937 21718.979 22853.136 143.88985109089623 151.40372556186918 151.86551071570568 71.94492554544811 75.70186278093459 75.93275535785284
 6880 262144 24544.001 24738.073 25054.932 143.96772020774193 145.81173885290096 146.9646876236682 71.98386010387097 72.90586942645048 73.4823438118341
 7552 262144 26617.05 26628.971 27517.08 143.88964875633604 148.68854586983477 148.75513913074514 71.94482437816802 74.34427293491738 74.37756956537257
 8288 131072 14219.046 14230.013 14236.927 152.60663147321046 152.68077913913356 152.79854021148816 76.30331573660523 76.34038956956678 76.39927010574408
 9088 131072 16546.011 16559.124 16597.033 143.54159999561367 143.87021149186393 143.98423112374337 71.77079999780683 71.93510574593196 71.99211556187169
 9984 131072 17325.163 17769.814 18203.02 143.7808504303132 147.28604902673715 151.06615135453558 71.8904252151566 73.64302451336857 75.53307567726779
 10976 131072 18917.084 18929.005 19813.776 145.21676958495945 152.0044262231427 152.10021502256905 72.60838479247973 76.00221311157135 76.05010751128452
 12064 131072 20874.977 21116.972 21887.064 144.49198010295032 149.76130176239283 151.49742277560355 72.24599005147516 74.88065088119642 75.74871138780178
 13248 131072 23097.038 23123.98 23952.961 144.987657768073 150.18537950646905 150.36056623364433 72.4938288840365 75.09268975323452 75.18028311682217
 14560 131072 24996.996 25136.948 25551.081 149.37984972142667 151.84089333359006 152.69101295211632 74.68992486071333 75.92044666679503 76.34550647605816
 16000 131072 27344.942 27433.872 27602.911 151.9515097519968 152.8877877683471 153.38500260852626 75.9757548759984 76.44389388417355 76.69250130426313
 17600 65536 15156.031 15213.966 15214.205 151.62587857860467 151.62826050748373 152.20787025310256 75.81293928930234 75.81413025374187 76.10393512655128
 19360 65536 16829.967 16926.05 17479.897 145.16984396418354 149.920029776587 150.7759296260058 72.58492198209177 74.9600148882935 75.3879648130029
 21280 65536 18299.103 18321.991 18391.132 151.66071126018778 152.23302751322166 152.4234362744447 75.83035563009389 76.11651375661083 76.21171813722235
 23392 65536 20125.151 20160.913 21812.201 140.5651921142667 152.07824288513123 152.34848295051302 70.28259605713335 76.03912144256562 76.17424147525651
 25728 65536 21888.971 22047.997 22353.172 150.86093445708738 152.94905999851144 154.06025326635958 75.43046722854369 76.47452999925572 77.03012663317979
 28288 65536 24191.141 24441.957 25587.082 144.90768177473308 151.69672117498612 153.2695268900297 72.45384088736654 75.84836058749306 76.63476344501485
 31104 65536 26699.066 26771.069 26928.902 151.39360260585448 152.28616713064392 152.69685793503038 75.69680130292724 76.14308356532196 76.34842896751519
 34208 32768 14690.876 14709.949 14730.215 152.194349369646 152.4040285931651 152.6018930389175 76.097174684823 76.20201429658255 76.30094651945875
 37600 32768 16053.915 16177.893 16181.946 152.27795223145597 152.31610197941106 153.49237865031674 76.13897611572798 76.15805098970553 76.74618932515837
 41344 32768 17771.959 18275.976 18445.969 146.8895661702565 148.25585150691816 152.46042284927623 73.44478308512825 74.12792575345908 76.23021142463811
 45472 32768 19531.012 19567.013 19637.108 151.75620524162724 152.29984218848327 152.58057247622398 75.87810262081362 76.14992109424163 76.29028623811199
 50016 32768 21382.809 21468.878 21479.13 152.60620779333237 152.67908159895453 153.29363770681388 76.30310389666619 76.33954079947726 76.64681885340694
 55008 32768 23548.126 23711.92 24349.928 148.04989517833482 152.03341981585635 153.09092061083757 74.02494758916741 76.01670990792817 76.54546030541879
 60480 32768 25905.132 25967.121 26702.166 148.43804356545456 152.63984328489863 153.00509875803758 74.21902178272728 76.31992164244932 76.50254937901879
 66528 16384 14346.838 14364.958 14808.893 147.20813392331215 151.7574575574812 151.9491266298539 73.60406696165607 75.8787287787406 75.97456331492695
 73152 16384 15666.962 15758.991 15811.92 151.5973225262966 152.1064854977073 152.9999712771372 75.7986612631483 76.05324274885365 76.4999856385686
 80448 16384 17227.888 17466.784 17606.974 149.72022245276221 150.92189060104025 153.0146971004223 74.86011122638111 75.46094530052012 76.50734855021115
 88480 16384 18943.071 18944.025 18949.032 153.0058443090919 153.04628451451052 153.05399214309023 76.50292215454596 76.52314225725526 76.52699607154511
 97312 16384 20828.009 21664.143 21696.091 146.9720797170329 147.1888186853272 153.0976684329261 73.48603985851645 73.5944093426636 76.54883421646305
 107040 16384 22907.019 23117.065 23571.014 148.80508407487267 151.72716432644023 153.11842715108412 74.40254203743633 75.86358216322012 76.55921357554206
 117728 16384 25140.047 25358.915 25375.128 152.02725692654633 152.12445422053744 153.4488421600803 76.01362846327316 76.06222711026872 76.72442108004014
 129472 16384 27644.873 27663.231 27740.002 152.9393723908167 153.36380974442213 153.465653323855 76.46968619540834 76.68190487221106 76.7328266619275
 142400 8192 15197.039 15230.179 15233.04 153.15929059465475 153.18806167675376 153.5221170387205 76.57964529732737 76.59403083837688 76.76105851936025
 156640 8192 16708.851 16721.01 16836.882 152.42666427192395 153.48293912867703 153.59462837989278 76.21333213596198 76.74146956433852 76.79731418994639
 172288 8192 18349.171 18373.013 18777.847 150.32429394062055 153.63656423690549 153.83619194567427 75.16214697031027 76.81828211845274 76.91809597283714
 189504 8192 20159.006 20159.96 21201.134 146.44657856509 154.0099055752095 154.01719390331053 73.223289282545 77.00495278760475 77.00859695165526
 208448 8192 22216.082 23181.915 24132.967 141.51645887552905 147.32225668155542 153.72701775227515 70.75822943776453 73.66112834077771 76.86350887613757
 229280 8192 24519.92 25111.914 25420.904 147.77301074737548 149.59128643081527 153.20292725261749 73.88650537368774 74.79564321540764 76.60146362630874
 252192 8192 26875.973 27951.002 28198.004 146.53213496955314 147.82703417931134 153.74006098309445 73.26606748477657 73.91351708965567 76.87003049154723
 277408 4096 14741.898 15115.023 16037.941 141.6968883973323 150.3488506765752 154.1542572062295 70.84844419866614 75.1744253382876 77.07712860311474
 305120 4096 16277.075 16295.91 17179.966 145.49173380203428 153.38468609608177 153.56217502223217 72.74586690101714 76.69234304804088 76.78108751111608
 335616 4096 17919.064 17920.017 19234.896 142.93637314181476 153.4243115952401 153.4324712496144 71.46818657090738 76.71215579762006 76.7162356248072
 369152 4096 19863.129 19906.998 20983.934 144.11469193526816 151.9110608239374 152.24656618803613 72.05734596763408 75.9555304119687 76.12328309401806
 406048 4096 21566.868 21589.994 22733.212 146.32095174232307 154.0688346647989 154.2340415863815 73.16047587116154 77.03441733239946 77.11702079319075
 446624 4096 23754.835 23828.983 25439.978 143.8186702834413 153.54175241133873 154.02101542696468 71.90933514172065 76.77087620566937 77.01050771348234
 491264 4096 26253.939 26286.84 29325.008 137.23558704570516 153.09693702247972 153.28879555940162 68.61779352285258 76.54846851123986 76.64439777970081
 540384 2048 14507.055 14636.04 15577.078 142.09422742827635 151.23030983790696 152.5749274404764 71.04711371413818 75.61515491895348 76.2874637202382
 594400 2048 15897.989 15967.131 16472.101 147.8052131904728 152.47964083215703 153.1427905755879 73.9026065952364 76.23982041607852 76.57139528779395
 653824 2048 17437.935 17905.951 18391.132 145.61708893177428 149.5627405659716 153.57684863488709 72.80854446588714 74.7813702829858 76.78842431744354
 719200 2048 19217.014 19283.056 20303.965 145.08709013239533 152.7684823401436 153.29349294328455 72.54354506619767 76.3842411700718 76.64674647164227
 791104 2048 21162.033 21327.972 21874.905 148.13147686812812 151.93014994580827 153.12148809143244 74.06573843406406 75.96507497290413 76.56074404571622
 870208 2048 23301.125 24135.113 24496.078 145.5078632587633 147.68408036871426 152.96995179417303 72.75393162938165 73.84204018435713 76.48497589708651
 957216 2048 25569.916 26851.177 28304.1 138.52257220685343 146.0180585752349 153.33475229249873 69.26128610342671 73.00902928761745 76.66737614624937
 1052928 1024 14173.031 14721.87 15150.07 142.33574788763354 146.47572244558606 152.1478746501013 71.16787394381677 73.23786122279303 76.07393732505065
 1158208 1024 15486.956 16286.85 17733.097 133.7617441555753 145.63957941529515 153.16179525531035 66.88087207778764 72.81978970764757 76.58089762765518
 1274016 1024 17047.167 17599.106 18053.055 144.52871095778525 148.25666531015838 153.05679635801067 72.26435547889263 74.12833265507919 76.52839817900534
 1401408 1024 18805.027 18930.912 20245.075 141.76700180167273 151.60831047125464 152.6232099533811 70.88350090083637 75.80415523562732 76.31160497669055
 1541536 1024 20591.974 20687.103 21991.014 143.5616260350705 152.61033543459422 153.31535131114677 71.78081301753525 76.30516771729711 76.65767565557339
 1695680 1024 22697.21 22783.041 23717.165 146.42359826733085 152.42708995695526 153.0035030737258 73.21179913366542 76.21354497847763 76.5017515368629
 1865248 1024 24955.034 25311.947 26131.868 146.18273381757476 150.9179797192211 153.07644557807453 73.09136690878738 75.45898985961055 76.53822278903726
 2051744 1024 27353.048 27390.957 30190.945 139.17986707603885 153.4072618200233 153.6198712479867 69.58993353801942 76.70363091001165 76.80993562399335
 2256896 512 15053.988 15109.062 15255.928 151.48613076831512 152.9586352878822 153.51822414100505 75.74306538415756 76.4793176439411 76.75911207050252
 2482560 512 16568.184 16846.18 17303.944 146.91109957360013 150.9031388718392 153.4351284365263 73.45554978680006 75.4515694359196 76.71756421826315
 2730816 512 18218.994 19162.893 19402.027 144.12698137158557 145.92554391448098 153.4857294535582 72.06349068579279 72.96277195724049 76.7428647267791
 3003872 512 20025.015 20323.992 21210.909 145.01806254507997 151.34649374000935 153.60612354098112 72.50903127253999 75.67324687000468 76.80306177049056
 3304256 512 22029.877 22033.93 23121.834 146.3360624421056 153.56126410495088 153.58951591059724 73.1680312210528 76.78063205247544 76.79475795529862
 3634656 512 24244.07 25228.977 25995.016 143.1769745400426 147.5243226865679 153.5174475242812 71.5884872700213 73.76216134328395 76.7587237621406
 3998112 512 26759.863 27457.952 29430.866 139.10792458502578 149.1031336932922 152.99281195871592 69.55396229251289 74.5515668466461 76.49640597935796
 4397920 256 14803.171 15400.171 15406.132 146.15836343606557 146.21493748348635 152.11166850670034 73.07918171803279 73.10746874174318 76.05583425335017
 4837696 256 16170.025 16931.057 17266.989 143.4471494711672 146.2933089174527 153.17851097942025 71.7235747355836 73.14665445872635 76.58925548971013
 5321440 256 17956.018 19834.995 25357.008 107.44868952993193 137.36213596222234 151.73616332975385 53.72434476496596 68.68106798111117 75.86808166487693
 5853568 256 19656.181 20843.983 20862.103 143.65890226886523 143.78378719652574 152.47248771264367 71.82945113443262 71.89189359826287 76.23624385632183
 6438912 256 21601.2 22822.857 24289.131 135.72831996336137 144.44830215603594 152.61758346758512 67.86415998168069 72.22415107801797 76.30879173379256
 7082784 256 23690.939 25222.063 25656.223 141.3452560028029 143.77830267095916 153.070564573232 70.67262800140145 71.88915133547958 76.535282286616
 7791040 256 26066.065 26612.997 27320.147 146.00992007839488 149.88963775857337 153.03470163217963 73.00496003919744 74.94481887928669 76.51735081608982
 8570144 128 14362.097 14430.046 15630.007 140.3682585682783 152.04087804016703 152.76020375019053 70.18412928413915 76.02043902008351 76.38010187509526
 9427136 128 15820.026 16602.993 16788.96 143.7460578856582 145.356130427809 152.55011692142602 71.8730289428291 72.6780652139045 76.27505846071301
 10369824 128 18082.857 18465.042 18728.971 141.74163353662087 143.7676093019447 146.80616807399406 70.87081676831043 71.88380465097235 73.40308403699703
 11406784 128 19353.867 19357.92 20035.028 145.75156590746965 150.84971443212908 150.88130470256928 72.87578295373483 75.42485721606454 75.44065235128464
 12547456 128 21263.123 21359.921 22396.088 143.42454521521796 150.38205131938457 151.06664886432725 71.71227260760898 75.19102565969229 75.53332443216362
 13802176 128 23653.03 24466.038 24876.118 142.03812089973204 144.418849345366 149.38285099202935 71.01906044986602 72.209424672683 74.69142549601467
 15182368 128 27041.197 27133.226 27781.963 139.89962509128674 143.24453008278485 143.73203257237466 69.94981254564337 71.62226504139242 71.86601628618733
 16700576 128 29881.954 30311.823 32565.832 131.28322519136012 141.04554041503872 143.0745611883346 65.64161259568006 70.52277020751936 71.5372805941673
 18370624 64 16062.021 16659.021 19181.967 122.58596170038243 141.15114399579662 146.397509503941 61.29298085019121 70.57557199789831 73.1987547519705
 20207680 64 17764.091 17860.889 18855.095 137.18218020116046 144.8182696841126 145.60739640435304 68.59109010058023 72.4091348420563 72.80369820217652
 22228448 64 19562.006 19771.099 20737.886 137.20016321817954 143.9091142075613 145.44731987097848 68.60008160908977 71.95455710378064 72.72365993548924
 24451264 64 21718.979 21721.84 23367.882 133.9343373952333 144.08364079654396 144.10262066186445 66.96716869761666 72.04182039827198 72.05131033093222
 26896384 64 23708.105 23876.905 26161.194 131.59709575946724 144.18690998686805 145.213510400768 65.79854787973362 72.09345499343402 72.606755200384
 29586016 64 25871.038 25928.02 26968.002 140.42605188178197 146.05859020472832 146.38029011437422 70.21302594089099 73.02929510236416 73.19014505718711
 32544608 64 28192.997 28346.062 30428.171 136.9030634144918 146.95903169900637 147.75689948819561 68.4515317072459 73.47951584950319 73.87844974409781
 35799040 32 15345.097 15633.106 15989.065 143.2940925563815 146.55683649813415 149.3075319106813 71.64704627819074 73.27841824906707 74.65376595534065
 39378944 32 17101.049 17235.994 18965.96 132.88293426749817 146.2203117499345 147.37414155119959 66.44146713374909 73.11015587496725 73.68707077559979
 43316832 32 18514.156 18556.118 19930.124 139.09984945402246 149.39963455718487 149.7382461290701 69.54992472701123 74.69981727859243 74.86912306453505
 47648512 32 20296.812 20363.092 22363.901 136.35835572693688 149.75646959705333 150.2455049591039 68.17917786346844 74.87823479852666 75.12275247955195
 52413344 32 22585.154 23658.037 26437.998 126.88003138512984 141.7891947670891 148.52473514238602 63.44001569256492 70.89459738354455 74.26236757119301
 57654656 32 24879.932 24964.094 26564.837 138.9015857315443 147.80820741982464 148.30820212852672 69.45079286577214 73.90410370991232 74.15410106426336
 63420096 32 27591.944 27951.002 29650.927 136.88901341937807 145.2143341408655 147.10402949498592 68.44450670968904 72.60716707043275 73.55201474749296
 69762080 16 15614.986 16371.965 19507.885 114.43508919598409 136.35422259942533 142.9643651297542 57.217544597992045 68.17711129971266 71.4821825648771
 76738272 16 16688.108 18595.934 19393.921 126.61826888951441 132.05170033406225 147.14817905061497 63.309134444757206 66.02585016703112 73.57408952530749
 84412096 16 18356.085 20452.976 22603.989 119.5004594985425 132.06816807490512 147.15485747641725 59.75022974927125 66.03408403745256 73.57742873820862
 92853280 16 20217.896 23544.073 26062.012 114.00903967045983 126.20182412788135 146.96410348534783 57.004519835229914 63.100912063940676 73.48205174267392
 102138592 16 22265.196 25837.898 26012.897 125.64671070661603 126.49771061097925 146.79569602710885 62.82335535330802 63.24885530548963 73.39784801355442
 112352448 16 24491.072 27409.792 28774.023 124.94875450679939 131.16766212600226 146.79954948480818 62.474377253399695 65.58383106300113 73.39977474240409
 123587680 16 26908.159 27146.816 30540.943 129.4919335005471 145.68212198439775 146.97422294851165 64.74596675027355 72.84106099219888 73.48711147425583
 135946432 8 14879.942 16119.957 16935.825 128.4344230056699 134.93478375903857 146.1795289255832 64.21721150283496 67.46739187951928 73.0897644627916
 149541056 8 16251.087 16634.226 18722.057 127.79882552435345 143.8393884993507 147.23057577625423 63.89941276217672 71.91969424967535 73.61528788812711
 164495136 8 17854.929 18068.075 19585.848 134.37877063071252 145.66699418726122 147.40591665192284 67.18938531535626 72.83349709363061 73.70295832596142
 180944640 8 19669.056 20013.094 21600.008 134.0330170248085 144.66100244170138 147.19131614654 67.01650851240424 72.33050122085069 73.59565807327
 199039104 8 21656.036 21852.97 26573.896 119.84037508086884 145.72964974554944 147.05487486260182 59.92018754043442 72.86482487277472 73.52743743130091
 218943008 8 23895.979 26660.919 26906.967 130.19260506024332 131.39412516125194 146.5973889582009 65.09630253012166 65.69706258062597 73.29869447910045
 240837280 8 26466.131 26482.105 29292.822 131.54746510937048 145.50944798383662 145.59727222690765 65.77373255468524 72.75472399191831 72.79863611345382
 264920992 8 28868.914 31904.936 35941.124 117.9355401350275 132.85517551265423 146.82699432337498 58.96777006751375 66.42758775632711 73.41349716168749
 291413088 4 15983.105 18141.985 20699.978 112.6235353486849 128.50328693359629 145.86056363891745 56.31176767434245 64.25164346679814 72.93028181945873
 320554368 4 17997.98 18177.032 19495.964 131.53670903372614 141.08106009826025 142.48459793821306 65.76835451686307 70.54053004913013 71.24229896910653
 352609792 4 19459.963 21551.847 23262.024 121.26538670925623 130.88800862404042 144.95805238684162 60.63269335462812 65.44400431202021 72.47902619342081
 387870752 4 22300.005 23994.923 27417.898 113.17300895933015 129.3176067287234 139.1464269178415 56.586504479665074 64.6588033643617 69.57321345892075
 426657824 4 23260.117 23584.127 30860.901 110.60152106382117 144.72711209535126 146.74313942616885 55.30076053191058 72.36355604767563 73.37156971308443
 469323584 4 25638.103 25764.942 31397.104 119.58391678417219 145.72470886990547 146.44565052258352 59.791958392086094 72.86235443495274 73.22282526129176
 516255936 4 28228.998 28244.019 32614.946 126.63051743209999 146.22733004109648 146.30513941727583 63.315258716049996 73.11366502054824 73.15256970863791
 567881504 2 15464.067 15486.956 17127.991 132.62069182544525 146.67349839439075 146.89059585683378 66.31034591272262 73.33674919719537 73.44529792841689
 624669632 2 17002.106 17019.033 20246.029 123.4157339199702 146.8167156148061 146.96288377451594 61.7078669599851 73.40835780740305 73.48144188725797
 687136576 2 18651.009 18671.036 19567.966 140.46152287877035 147.20909455693837 147.36716410356138 70.23076143938518 73.60454727846918 73.68358205178069
 755850208 2 20646.095 20704.985 24343.967 124.1950760120567 146.02284580259294 146.43935485136535 62.09753800602835 73.01142290129647 73.21967742568268
 831435200 2 22607.088 22637.129 27068.138 122.86551812318972 146.91530891571983 147.1105345367789 61.43275906159486 73.45765445785992 73.55526726838946
 914578720 2 24863.958 24876.118 29489.04 124.05676414016868 147.06132524375386 147.13324724888935 62.02838207008434 73.53066262187693 73.56662362444467
 1006036576 2 27421.951 28096.199 31288.862 128.61274098111974 143.227427453799 146.7490881301626 64.30637049055987 71.6137137268995 73.3745440650813
 1106640224 1 15030.861 15739.918 16755.104 132.0958943615032 140.61575466911583 147.24907961027645 66.0479471807516 70.30787733455792 73.62453980513823
 1217304224 1 16600.847 17301.083 18016.1 135.13515400114343 140.72000278826476 146.65567654469677 67.56757700057172 70.36000139413238 73.32783827234839
 1339034624 1 18197.06 18341.064 21275.043 125.87844113875586 146.01493392095466 147.17043566378302 62.93922056937793 73.00746696047733 73.58521783189151
 1472938080 1 20121.098 20371.914 24356.842 120.94655620790249 144.60478087625933 146.4073262801066 60.473278103951245 72.30239043812966 73.2036631400533
 1620231872 1 22029.877 22095.919 29032.946 111.61332866461433 146.65440002744396 147.09404614469705 55.806664332307164 73.32720001372198 73.54702307234852
 1782255040 1 24197.102 24422.169 27844.906 128.01300460486382 145.9538700268596 147.31144580867576 64.00650230243191 72.9769350134298 73.65572290433788
 1960480544 1 26585.102 26766.062 28851.986 135.8991747743119 146.49002486805867 147.48715607711418 67.94958738715594 73.24501243402933 73.74357803855709
 
META_DATA
 FLOPS          8
 OPENMP_THREADS 4
 ERT_VERSION  1.1.0
 HOSTNAME  Rezas-MacBook-Pro.local
 UNAME  uname_result(system='Darwin', node='Rezas-MacBook-Pro.local', release='21.6.0', version='Darwin Kernel Version 21.6.0: Wed Aug 10 14:28:23 PDT 2022; root:xnu-8020.141.5~2/RELEASE_ARM64_T6000', machine='arm64')
 TIMESTAMP_DATA  1705698509.6443598
 CONFIG  {'ERT_RESULTS': ['Results.MyMacBookPro'], 'ERT_DRIVER': ['driver1'], 'ERT_KERNEL': ['kernel1'], 'ERT_MPI': ['False'], 'ERT_OPENMP': ['True'], 'ERT_OPENMP_CFLAGS': ['-Xpreprocessor', '-fopenmp', '-I/opt/homebrew/opt/libomp/include'], 'ERT_OPENMP_LDFLAGS': ['-L/opt/homebrew/opt/libomp/lib', '-lomp'], 'ERT_FLOPS': ['1,2,4,8,16'], 'ERT_ALIGN': ['32'], 'ERT_CC': ['clang'], 'ERT_CFLAGS': ['-O3', '-std=c++11', '-Xpreprocessor', '-fopenmp', '-I/opt/homebrew/opt/libomp/include'], 'ERT_LD': ['clang'], 'ERT_LDFLAGS': ['-L/opt/homebrew/opt/libomp/lib', '-lomp', '-lc++'], 'ERT_LDLIBS': [], 'ERT_PRECISION': ['FP64'], 'ERT_RUN': ['export', 'OMP_NUM_THREADS=ERT_OPENMP_THREADS;', './ERT_CODE'], 'ERT_PROCS_THREADS': ['1-10'], 'ERT_OPENMP_THREADS': ['1,2,4,8,10'], 'ERT_NUM_EXPERIMENTS': ['3'], 'ERT_MEMORY_MAX': ['2147483648', '#', 'Adjusted', 'to', '2GB,', 'consider', 'your', "system's", 'RAM'], 'ERT_WORKING_SET_MIN': ['1'], 'ERT_TRIALS_MIN': ['1'], 'ERT_GNUPLOT': ['gnuplot'], 'ERT_GPU': [False], 'ERT_HIP': [False], 'ERT_OCL': [False], 'ERT_SYCL': [False], 'ERT_WSS_MULT': [1.1]}
 TIMESTAMP_DATA  1705698529.6129339
 TIMESTAMP_DATA  1705698548.8788831
 