fp64
 16 134217728 613790.989 620175.838 625663.042 6.864665175476356 6.925402495283927 6.997442733718596 0.8580831469345445 0.8656753119104909 0.8746803417148244
 32 67108864 384438.038 384658.098 405349.97 10.595701526757239 11.165674967799587 11.17206642283405 1.3244626908446548 1.3957093709749484 1.3965083028542562
 48 33554432 234338.045 236242.056 265134.811 12.149387173455697 13.635275304241341 13.746062753062567 1.518673396681962 1.7044094130301677 1.718257844132821
 64 33554432 287413.836 287974.119 295956.85 14.512140185300662 14.91442116713273 14.943495260262974 1.8140175231625828 1.8643026458915912 1.8679369075328718
 80 16777216 169706.106 172777.176 174017.906 15.425737624954527 15.536511373469839 15.817666336649078 1.9282172031193159 1.9420639216837299 1.9772082920811347
 96 16777216 187894.821 190603.018 244074.106 13.197735412375124 16.900180835541647 17.14376934316886 1.6497169265468905 2.112522604442706 2.1429711678961074
 112 16777216 207366.943 211021.9 211357.117 17.78078939258052 17.809034910594587 18.122928995486035 2.222598674072565 2.2261293638243234 2.2653661244357544
 128 16777216 75428.963 76081.038 77481.031 55.43250058198115 56.452532837420016 56.940558708198076 6.929062572747644 7.056566604677502 7.117569838524759
 144 8388608 37481.07 38388.968 38480.043 62.78369034047077 62.932640023039944 64.45704735750607 7.847961292558846 7.866580002879993 8.057130919688259
 160 8388608 53764.105 54672.956 57451.963 46.72346112873463 49.09839811844086 49.928378050745934 5.840432641091828 6.137299764805108 6.241047256343242
 176 8388608 67931.89 68145.037 68197.012 43.29793827330734 43.33096210660213 43.466919822192494 5.412242284163417 5.416370263325266 5.433364977774062
 192 8388608 81261.158 85498.095 85793.018 37.546475774986725 37.67599116682074 39.64040817631469 4.693309471873341 4.709498895852592 4.955051022039337
 208 8388608 92558.146 95391.035 99985.838 34.90155203779959 36.58269278659153 37.70236417656854 4.362694004724949 4.572836598323941 4.712795522071067
 224 8388608 109637.022 109915.018 113389.015 33.14339033635666 34.19092724890424 34.27762187849283 4.1429237920445825 4.27386590611303 4.284702734811604
 240 8388608 119663.0 120521.069 127025.127 31.698703517139567 33.40936048285466 33.64892941009334 3.962337939642446 4.176170060356832 4.206116176261667
 256 8388608 52767.992 54769.993 54923.058 78.19971160382221 78.4182553391964 81.39341925309571 9.774963950477776 9.80228191739955 10.174177406636964
 272 4194304 26169.062 26779.175 28159.142 81.02879611885902 85.20431925180668 87.1907971328892 10.128599514857378 10.650539906475835 10.89884964161115
 288 4194304 26279.926 26415.825 26427.984 91.41518717432248 91.45726487815541 91.93020954473008 11.42689839679031 11.432158109769427 11.49127619309126
 304 4194304 29497.862 29583.931 30964.136 82.3577584079853 86.20006692146491 86.45158188074784 10.294719800998163 10.775008365183114 10.80644773509348
 320 4194304 42254.925 43121.815 44485.807 60.34182003262299 62.250500355794394 63.52761388169544 7.542727504077874 7.781312544474299 7.94095173521193
 352 4194304 53525.925 56197.166 57027.102 51.778714198031665 52.543397223981 55.16560462990597 6.472339274753958 6.567924652997625 6.895700578738246
 384 4194304 31554.937 32922.983 33972.979 94.8172802861945 97.84123971998527 102.08308994563987 11.852160035774313 12.230154964998158 12.760386243204984
 416 4194304 31088.114 31910.896 33818.007 103.1894318313909 109.35640691505498 112.25064756260223 12.898678978923863 13.669550864381872 14.031330945325278
 448 4194304 33324.003 35980.94 43802.977 85.79545595725149 104.44686503465445 112.77445821859997 10.724431994656436 13.055858129331806 14.096807277324997
 480 4194304 42709.112 44973.135 46634.912 86.34157688557448 89.53193589906506 94.27805101637327 10.79269711069681 11.191491987383133 11.784756377046659
 528 2097152 19227.982 20233.87 20469.904 108.18773317158694 109.44977466001315 115.17550370080437 13.523466646448368 13.681221832501643 14.396937962600546
 576 2097152 19366.026 20019.054 20277.977 119.14004557752482 120.68098242804079 124.7503800728141 14.892505697190602 15.085122803505099 15.593797509101762
 624 2097152 22261.858 22641.182 22814.989 114.71606214668786 115.59668996079799 117.5663637779021 14.339507768335983 14.449586245099749 14.695795472237762
 672 2097152 20592.928 20762.92 20972.013 134.39684058940838 135.7502840640912 136.87088538356468 16.799605073676048 16.9687855080114 17.108860672945585
 736 2097152 15241.861 15577.078 16162.872 190.9937629896469 198.17630392555012 202.53483114693145 23.874220373705864 24.772037990693764 25.31685389336643
 800 2097152 13735.056 13998.985 14299.154 234.66026032029586 239.6918919478805 244.29774439944035 29.332532540036983 29.96148649348506 30.537218049930043
 880 2097152 14835.119 14878.988 15167.952 243.3411920079916 248.06710778985777 248.80066819821263 30.41764900099895 31.00838847373222 31.10008352477658
 960 2097152 15338.898 15480.042 15604.973 258.0287604470703 260.11117024101094 262.5046362522262 32.253595055883785 32.51389628012637 32.813079531528274
 1056 1048576 8035.183 8254.051 8306.98 266.59417887126244 268.30371074760745 275.61195706432574 33.324272358907805 33.53796384345093 34.45149463304072
 1152 1048576 8276.939 8279.085 8605.003 280.75749700494003 291.8099166755747 291.8855755732886 35.094687125617504 36.47623958444684 36.48569694666107
 1264 1048576 10140.896 10246.038 10276.079 257.95832515495454 258.71464931127525 261.3970331615668 32.24479064436932 32.33933116390941 32.67462914519585
 1376 1048576 10698.08 10709.047 10890.007 264.9843248034643 269.46199339679805 269.73822891584285 33.123040600433036 33.682749174599756 33.71727861448036
 1504 1048576 11584.044 11728.048 11745.93 268.52846969120367 268.9379006634352 272.28113152885123 33.56605871140046 33.6172375829294 34.035141441106404
 1648 1048576 12769.938 12989.044 13163.09 262.56042433805436 266.07858869367135 270.6439526957766 32.820053042256795 33.25982358670892 33.830494086972074
 1808 1048576 12928.009 13052.94 13337.135 284.2927522290207 290.482513211583 293.2896176046907 35.53659402862759 36.310314151447876 36.66120220058634
 1984 1048576 14616.013 14765.978 15377.998 270.5651000865002 281.7794776614187 284.67062584030265 33.820637510812524 35.22243470767734 35.58382823003783
 2176 524288 7642.031 7724.047 7929.087 287.76344313033775 295.40231642816264 298.572640702452 35.97043039129222 36.92528955352033 37.3215800878065
 2384 524288 8730.888 8882.046 9232.044 270.7748342620551 281.4447464018988 286.3174036821913 33.84685428275689 35.18059330023735 35.78967546027391
 2608 524288 9398.937 9475.946 9817.123 278.5628954633654 288.59242211806605 290.95696758048274 34.820361932920676 36.07405276475826 36.36962094756034
 2864 524288 10360.003 10432.959 10632.992 282.4343010885365 287.84946475875154 289.8765245531299 35.30428763606706 35.98118309484394 36.23456556914124
 3136 524288 11291.981 11327.028 11676.073 281.6301624698647 290.30866137172086 291.2096943840058 35.203770308733084 36.28858267146511 36.40121179800072
 3440 524288 12470.961 12523.174 12686.014 284.336864203366 288.0341229787272 289.2400545555391 35.54210802542075 36.0042653723409 36.155006819442384
 3776 524288 13395.071 13454.914 14070.988 281.38912320869014 294.27337670088417 295.5880544418167 35.17364040108627 36.78417208761052 36.94850680522709
 4144 262144 7586.002 7708.073 7900.0 275.01892050632904 281.86674827807155 286.4024385967733 34.37736506329113 35.233343534758944 35.800304824596665
 4544 262144 8378.983 8391.857 8490.086 280.605481734814 283.89004626747095 284.32623290917286 35.07568521685175 35.48625578343387 35.54077911364661
 4992 262144 8878.946 9010.077 9096.861 287.70866082267275 290.4798367427936 294.76986299950465 35.963582602834094 36.3099795928492 36.84623287493808
 5488 262144 9835.958 9860.039 10183.096 282.55577125070806 291.81350540297046 292.5279412539175 35.31947140633851 36.47668817537131 36.56599265673969
 6032 262144 10560.989 10589.838 11053.085 286.11968658523847 298.63584466542363 299.4516153742798 35.76496082315481 37.329480583177954 37.431451921784976
 6624 262144 11769.056 11851.072 12617.826 275.23629759991934 293.0438454850329 295.08600451896905 34.40453719998992 36.63048068562911 36.88575056487113
 7280 262144 12861.013 12979.031 13055.801 292.3464167384292 294.0756239814821 296.7741841175341 36.54330209230365 36.759452997685266 37.09677301469176
 8000 262144 13942.003 14107.943 14191.151 295.5577035294741 297.30088929335767 300.8394131029809 36.944712941184264 37.16261116166971 37.604926637872616
 8800 131072 7680.893 7742.882 8073.092 285.7476664455205 297.9339217619486 300.3384111717218 35.71845830569006 37.24174022024358 37.54230139646523
 9680 131072 8517.027 8532.047 8841.038 287.0199087482714 297.41443290220974 297.93893103779055 35.877488593533926 37.17680411277622 37.24236637972382
 10640 131072 9211.063 9342.194 9699.821 287.5529517503468 298.56071924860476 302.8111044295322 35.94411896879335 37.320089906075594 37.85138805369152
 11696 131072 10290.861 10535.002 11042.118 277.66740257620864 291.0332835247682 297.93777449719704 34.70842532202608 36.379160440596024 37.24222181214963
 12864 131072 11820.793 11976.004 12466.908 270.4937275545789 281.5814370135481 285.27869627697567 33.811715944322366 35.197679626693514 35.65983703462196
 14144 131072 13001.204 13024.092 13123.989 282.5181228054977 284.6850848412312 285.1862593649019 35.31476535068721 35.5856356051539 35.64828242061274
 15552 131072 14160.872 14221.907 14298.916 285.11696187319376 286.6608175682769 287.89635892478935 35.63962023414922 35.832602196034614 35.98704486559867
 17104 65536 7737.875 7843.018 8027.077 279.2866554039534 285.8409209312028 289.7249552364183 34.91083192549417 35.73011511640035 36.215619404552285
 18800 65536 8615.017 8713.007 8986.95 274.1924234584592 282.81322395356733 286.03003337079895 34.2740529323074 35.351652994195916 35.75375417134987
 20672 65536 9213.924 9494.781 9582.996 282.7425143452006 285.3694449613951 294.0680196624153 35.34281429315008 35.67118062017439 36.75850245780191
 22736 65536 10274.887 10357.857 10443.926 285.338386350114 287.70941633969267 290.03267792628765 35.66729829376425 35.96367704246158 36.254084740785956
 25008 65536 11276.96 11302.948 11476.994 285.6016632926705 289.99943873049756 290.6677487549836 35.70020791158381 36.249929841312195 36.33346859437295
 27504 65536 12334.824 12377.977 12526.989 287.7789936592105 291.24341465491494 292.2623207270732 35.972374207401316 36.40542683186437 36.53279009088415
 30240 65536 13593.912 13670.921 13812.78 286.95290014030485 289.93052333489453 291.57296884075754 35.869112517538106 36.241315416861816 36.44662110509469
 33264 32768 7344.961 7468.939 7470.131 291.8274798661496 291.8740538649465 296.80069152171126 36.4784349832687 36.484256733118315 37.10008644021391
 36576 32768 8033.991 8110.046 8576.87 279.4777973782976 295.56487546433146 298.3628853953159 34.9347246722872 36.94560943304143 37.29536067441449
 40224 32768 8927.822 9311.914 9660.006 272.89010627943713 283.0911093036297 295.2702309701067 34.11126328492964 35.38638866295371 36.90877887126334
 44240 32768 9876.966 10444.88 11309.862 256.35260978427505 277.58218763643055 293.54283896492103 32.04407622303438 34.69777345455382 36.69285487061513
 48656 32768 10648.012 10968.924 11095.047 287.40028014302237 290.70486913757446 299.46619293817474 35.925035017877796 36.33810864219681 37.43327411727184
 53520 32768 11831.999 11842.966 11871.099 295.464364335602 296.1662407879918 296.4407552772782 36.93304554195025 37.020780098498975 37.05509440965977
 58864 32768 12842.894 12902.021 13293.982 290.1847696198175 299.0005289868928 300.3770882170327 36.273096202477184 37.3750661233616 37.547136027129085
 64736 32768 14157.057 14230.013 14539.957 291.7848034901341 298.14017007574057 299.6765850416509 36.47310043626676 37.26752125946757 37.459573130206365
 71200 16384 7771.969 7787.943 8047.104 289.928103327607 299.5761011604733 300.1918304100286 36.241012915950876 37.44701264505916 37.52397880125358
 78320 16384 8507.013 8519.888 8742.094 293.5669371663128 301.2234151434854 301.67930388727507 36.6958671457891 37.652926892935675 37.709912985909384
 86144 16384 9305.954 9368.896 9451.866 298.6464886404441 301.2912718851826 303.3290936103918 37.33081108005551 37.661408985647824 37.916136701298974
 94752 16384 10243.177 10330.915 10571.957 293.68578930088347 300.53809715789936 303.11235820683373 36.710723662610434 37.56726214473742 37.88904477585422
 104224 16384 11319.16 11646.032 11690.14 292.14466482009624 293.25112896821855 301.7195650560642 36.51808310251203 36.65639112102732 37.714945632008025
 114640 16384 12366.056 12660.98 12794.018 293.61561942464044 296.70084938132754 303.7770102286452 36.701952428080055 37.08760617266594 37.97212627858065
 126096 16384 13597.965 13768.196 13878.107 297.72891418116313 300.10567310343345 303.86265356617696 37.21611427264539 37.51320913792918 37.98283169577212
 138704 8192 7538.08 7660.866 7755.041 293.03859721695864 296.640919708033 301.4728334005476 36.62982465211983 37.08011496350412 37.68410417506845
 152560 8192 8270.025 8441.925 8451.939 295.7360482606417 296.0868569668648 302.24129189452265 36.967006032580215 37.0108571208581 37.78016148681533
 167808 8192 9150.028 9188.89 9251.118 297.1928659865759 299.2054831432306 300.4762687065001 37.14910824832199 37.400685392903824 37.55953358831251
 184576 8192 9978.056 10087.013 10164.022 297.52918519853654 299.800662891978 303.07438483007104 37.19114814981707 37.47508286149725 37.88429810375888
 203024 8192 10923.862 11298.895 11307.955 294.1597500166918 294.39562151874145 304.50267643439656 36.76996875208648 36.79945268984268 38.06283455429957
 223312 8192 12061.834 12505.054 12673.855 288.68436699015416 292.5812082058982 303.33229656451914 36.08554587376927 36.57265102573727 37.91653707056489
 245632 8192 13285.875 13535.023 14837.027 271.2426612150804 297.33489835961126 302.91077463847887 33.90533265188505 37.16686229495141 37.86384682980986
 270192 4096 8636.951 8864.88 9289.026 238.28255664264475 249.68334190648946 256.27248134208475 29.785319580330594 31.210417738311182 32.03406016776059
 297200 4096 11516.094 11518.955 12323.856 197.55686856451425 211.36139519600522 211.4139047493013 24.69460857056428 26.420174399500652 26.426738093662664
 326912 4096 12485.027 12567.043 13457.775 198.9974645883142 213.10208805683246 214.50198738056395 24.874683073539273 26.637761007104057 26.812748422570493
 359600 4096 13864.04 13872.862 15424.967 190.97889804237505 212.34574379821555 212.48086416369253 23.87236225529688 26.543217974776944 26.560108020461566
 395552 4096 15139.103 15398.026 16270.876 199.15104656934267 210.44009043756648 214.03923231118782 24.893880821167834 26.30501130469581 26.754904038898477
 435104 4096 16511.917 16602.993 17246.962 206.6666563073543 214.68249537899584 215.86663547303442 25.833332038419286 26.83531192237448 26.983329434129303
 478608 4096 18208.027 18211.842 18987.894 206.48718262278058 215.2861163631883 215.3312237509314 25.810897827847572 26.91076454539854 26.916402968866425
 526464 2048 10029.078 10159.969 10354.042 208.26615769957283 212.24440192681692 215.01443542467214 26.033269712446604 26.530550240852115 26.876804428084018
 579104 2048 11024.952 11042.833 11354.923 208.89705584088944 214.8008562657789 215.14923457263126 26.11213198011118 26.85010703322236 26.893654321578907
 637008 2048 12120.008 12130.976 12912.035 202.0738611690566 215.08448850282122 215.27912918869362 25.259232646132077 26.885561062852652 26.909891148586702
 700704 2048 13187.885 13226.032 14076.948 203.88535810461187 217.0026190772864 217.630316309249 25.485669763076483 27.1253273846608 27.203789538656125
 770768 2048 14620.066 14652.014 14924.049 211.54217116279904 215.4697455244037 215.9405934282376 26.44277139534988 26.93371819055046 26.9925741785297
 847840 2048 15902.042 16132.116 17748.833 195.66090007157092 215.2695058726332 218.38406916545688 24.457612508946365 26.90868823407915 27.29800864568211
 932624 2048 17584.085 17713.785 27999.163 136.43364639150104 215.6528321869098 217.24348488988764 17.05420579893763 26.956604023363724 27.155435611235955
 1025872 2048 19409.895 19467.115 22263.05 188.7419608723872 215.84974003595292 216.48606094984027 23.5927451090484 26.981217504494115 27.060757618730033
 1128448 1024 10628.223 10746.002 11030.912 209.50774550644587 215.06244871348432 217.4457107269955 26.188468188305734 26.88280608918554 27.180713840874436
 1241280 1024 11729.002 11780.024 12430.906 204.50170245032822 215.80104081282008 216.73979081937233 25.562712806291028 26.97513010160251 27.09247385242154
 1365408 1024 12903.929 13001.919 13934.851 200.67351879112306 215.07252767841425 216.7057478385072 25.084189848890382 26.88406595980178 27.0882184798134
 1501936 1024 14307.976 14403.105 16448.975 187.000401423189 213.56262611429966 214.9825333785855 23.375050177898625 26.695328264287458 26.872816672323186
 1652128 1024 15619.993 15908.957 16386.986 206.4783691155897 212.6825878025819 216.61713574391487 25.80979613944871 26.58532347532274 27.07714196798936
 1817328 1024 17225.027 17230.988 18006.086 206.70165320769877 215.9996712898877 216.07442147986188 25.837706650962346 26.99995891123596 27.009302684982735
 1999056 1024 18841.028 18873.215 20627.022 198.48074472408084 216.9247098599788 217.2952923800124 24.810093090510104 27.11558873249735 27.16191154750155
 2198960 512 10405.064 10432.005 10834.932 207.82179712802994 215.8487309007233 216.40761075568585 25.977724641003743 26.981091362590412 27.05095134446073
 2418848 512 11339.903 11368.99 11830.807 209.36021963675003 217.8645906100718 218.4234161438594 26.170027454593754 27.233073826258973 27.302927017982427
 2660720 512 12702.942 12963.057 13355.017 204.0115171699145 210.18015117884616 214.4839581256059 25.501439646239312 26.27251889735577 26.81049476570074
 2926784 512 13818.979 14034.986 14399.052 208.14056480940553 213.53970826903566 216.87758668712067 26.01757060117569 26.692463533629457 27.109698335890084
 3219456 512 15372.038 15921.116 16142.13 204.23097472266673 207.066071499008 214.46232074107542 25.52887184033334 25.883258937376 26.807790092634427
 3541392 512 16725.063 16795.874 17699.003 204.89207262126573 215.90930058179765 216.82342290728593 25.611509077658216 26.988662572724706 27.10292786341074
 3895520 512 18538.952 18855.095 20182.133 197.6506883588568 211.5615158661359 215.16925444329323 24.7063360448571 26.445189483266986 26.896156805411653
 4285072 256 10236.025 10657.072 11138.916 196.96322909697858 205.86863483703593 214.33680203008493 24.620403637122322 25.73357935462949 26.792100253760616
 4713568 256 11063.099 11284.828 12859.821 187.6656615982446 213.85765170723025 218.143832573495 23.458207699780576 26.73220646340378 27.267979071686874
 5184912 256 12220.86 13661.146 14194.965 187.01525111192595 194.3230051124554 217.22488793751012 23.376906388990744 24.290375639056926 27.153110992188765
 5703392 256 13520.002 14116.049 15959.978 182.96621110630605 206.86643295159996 215.98641065289783 22.870776388288256 25.858304118949995 26.99830133161223
 6273728 256 14790.058 17162.085 18795.013 170.9043104146829 187.1654135263868 217.18297088490118 21.363038801835362 23.39567669079835 27.147871360612648
 6901088 256 16438.961 16487.837 21321.058 165.72146916911908 214.30082405593893 214.93797910950698 20.715183646139884 26.787603006992367 26.867247388688373
 7591184 256 18049.002 19095.898 20902.872 185.9402960511838 203.53513660368316 215.3407821662383 23.242537006397974 25.441892075460395 26.91759777077979
 8350288 256 19980.907 22430.182 24338.007 175.66547071828847 190.6068999350964 213.97164082691543 21.95818383978606 23.82586249188705 26.74645510336443
 9185312 128 10912.895 13239.145 16517.162 142.36343216831074 177.61266849180967 215.47351752216068 17.795429021038842 22.20158356147621 26.934189690270085
 10103840 128 12128.83 13389.826 20178.08 128.18776811272429 193.17525410711087 213.25907280421936 16.023471014090536 24.14690676338886 26.65738410052742
 11114224 128 13633.013 16102.791 25397.062 112.03033421739885 176.69243449784577 208.70231283429422 14.003791777174856 22.08655431223072 26.087789104286777
 12225632 128 14659.166 15743.971 22862.911 136.89253271379135 198.79113039524782 213.50203633685572 17.11156658922392 24.848891299405977 26.687754542106966
 13448192 128 16097.069 17613.888 31575.918 109.03046910623469 195.4558330335699 213.8735413260638 13.628808638279336 24.431979129196236 26.734192665757973
 14793008 128 17691.851 19650.936 34097.195 111.06514914203353 192.71397800084432 214.0539194005195 13.883143642754192 24.08924725010554 26.756739925064938
 16272304 128 22500.992 24702.072 36435.843 114.32999708556216 168.63807311386674 185.1344964702001 14.29124963569527 21.079759139233342 23.141812058775013
 17899520 64 11089.802 18899.918 19862.175 115.35184641158382 121.22478838267973 206.59868949869437 14.418980801447978 15.153098547834967 25.824836187336796
 19689472 64 13392.21 20668.03 27292.967 92.34072704517614 121.93965346479563 188.18794030260875 11.542590880647017 15.242456683099453 23.523492537826094
 21658416 64 23092.985 23872.852 25065.899 110.59955391984943 116.12677228510444 120.04845835217924 13.824944239981178 14.515846535638055 15.006057294022405
 23824256 64 24730.921 24791.002 25503.159 119.57360921445064 123.00853220858116 123.30736764716526 14.94670115180633 15.376066526072645 15.413420955895658
 26206672 64 17188.072 21672.01 28898.001 116.07910235728762 154.78278276911095 195.1617386755187 14.509887794660953 19.34784784613887 24.395217334439838
 28827328 64 18855.81 25065.184 28430.939 129.78459782844317 147.21208445946377 195.69023998438675 16.223074728555396 18.40151055743297 24.461279998048344
 31710048 64 20555.019 25377.035 38881.063 104.39236560996287 159.94327721895013 197.4644802809474 13.049045701245358 19.992909652368766 24.683060035118427
 34881040 32 11041.88 19312.859 19439.936 114.83507764634616 115.5906828709307 202.17449927005188 14.35438470579327 14.448835358866338 25.271812408756485
 38369136 32 12657.881 12975.216 22035.122 111.4413936078956 189.25501540783597 193.99966740088647 13.93017420098695 23.656876925979496 24.24995842511081
 42206048 32 14057.159 17516.136 19623.995 137.64715451670267 154.211355289774 192.1573962420145 17.205894314587834 19.27641941122175 24.019674530251812
 46426640 32 15600.92 22348.166 24382.114 121.8641238409434 132.95520357240946 190.45703458513984 15.233015480117926 16.619400446551182 23.80712932314248
 51069296 32 18199.921 21136.045 23797.035 137.34630990793602 154.6379629680009 179.5851171002336 17.168288738492002 19.32974537100011 22.4481396375292
 56176224 32 23272.991 28138.876 30107.975 119.41282454233472 127.76908132364632 154.48286539534172 14.92660306779184 15.97113516545579 19.310358174417715
 61793840 32 26951.075 28290.987 32984.972 119.89719924576562 139.79030706846672 146.74018605936868 14.987149905720702 17.47378838355834 18.342523257421085
 67973216 16 14577.15 14966.011 20442.009 106.40553538548977 145.33885562425417 149.21592437479208 13.300691923186221 18.16735695303177 18.65199054684901
 74770528 16 16145.945 17390.966 17585.993 136.05469398287605 137.5804481476187 148.18933769438706 17.006836747859506 17.19755601845234 18.523667211798383
 82247568 16 17880.201 17918.825 20596.981 127.78193930460002 146.88028796531023 147.1975721078303 15.972742413075002 18.36003599566378 18.399696513478787
 90472320 16 19245.863 20683.05 21806.002 132.76685198873227 139.97520868537282 150.427873252553 16.595856498591534 17.496901085671603 18.803484156569127
 99519552 16 21375.179 21827.936 32620.192 97.62743468830594 145.89678401109475 148.9870874999456 12.203429336038242 18.237098001386844 18.6233859374932
 109471504 16 23685.932 23731.947 30587.196 114.52792626038686 147.61065023447085 147.89741556295948 14.315990782548358 18.451331279308857 18.487176945369935
 120418640 16 26691.914 26854.992 33511.877 114.98599377170069 143.4890198440573 144.3656861774693 14.373249221462586 17.936127480507164 18.045710772183664
 132460496 16 28987.885 30253.887 40508.032 104.6393927999267 140.10549692342013 146.2243924315279 13.079924099990837 17.513187115427517 18.278049053940986
 145706544 8 16173.124 19675.97 25336.027 92.01540178339722 118.48486778542556 144.14683916354068 11.501925222924653 14.810608473178196 18.018354895442585
 160277184 8 17966.986 19454.956 23109.913 110.96688005705603 131.81396781365117 142.73039139675402 13.870860007132004 16.476745976706397 17.841298924594252
 176304896 8 20142.078 21473.885 22905.827 123.15112377300325 131.36320400337434 140.04902254871615 15.393890471625406 16.420400500421792 17.50612781858952
 193935376 8 20795.107 24446.011 25044.918 123.89603415750851 126.93138426551472 149.2161601284379 15.487004269688564 15.86642303318934 18.65202001605474
 213328912 8 23152.113 28434.038 32807.827 104.03805750377799 120.0414303448564 147.42769232337454 13.004757187972249 15.00517879310705 18.428461540421818
 234661792 8 25048.018 35200.119 37123.919 101.13664648390167 106.66409031174014 149.89563932763062 12.642080810487709 13.333011288967517 18.736954915953827
 258127968 8 36018.848 36067.009 36487.103 113.19198150645174 114.51039613514943 114.66350861637773 14.148997688306467 14.31379951689368 14.332938577047216
 283940752 4 15321.016 21265.984 23671.865 95.95889533841124 106.81499694535648 148.26210063353503 11.994861917301405 13.35187461816956 18.53276257919188
 312334816 4 20426.989 23962.975 24428.844 102.28394466803259 104.27246733763235 122.32241021914682 12.785493083504074 13.034058417204044 15.290301277393352
 343568288 4 20443.201 25681.973 27925.968 98.42259734738649 107.02239676056041 134.447942081086 12.30282466842331 13.377799595070051 16.80599276013575
 377925104 4 24115.086 24672.985 25432.11 118.88124233498519 122.53891582230524 125.37383578063955 14.860155291873149 15.317364477788155 15.671729472579944
 415717600 4 22680.998 24363.995 27600.05 120.49763677964351 136.50227723326984 146.63114912315586 15.06220459745544 17.06278465415873 18.328893640394483
 457289360 4 24667.025 35840.988 38539.886 94.92282566689482 102.07070407768893 148.3079082297115 11.865353208361853 12.758838009711116 18.538488528713938
 503018288 4 27743.101 30158.997 39994.001 100.61874789671583 133.43103896989678 145.0503425698519 12.577343487089479 16.678879871237097 18.131292821231487
 553320112 2 15093.088 17572.88 22254.944 99.45118028605239 125.94864632319799 146.64198923374727 12.431397535756549 15.743580790399749 18.33024865421841
 608652112 2 18749.952 22626.877 24343.014 100.01261339290197 107.5980767474009 129.84611629939107 12.501576674112746 13.449759593425112 16.230764537423884
 669517312 2 20589.113 25099.993 38757.086 69.09882874063338 106.69601573195659 130.07210402895936 8.637353592579172 13.337001966494574 16.25901300361992
 736469040 2 22599.936 32371.998 34716.845 84.85437429582095 91.00075194617274 130.34887178441568 10.606796786977618 11.375093993271593 16.29360897305196
 810115936 2 23357.153 26757.002 32921.076 98.43128286572407 121.10713091100415 138.73539056750624 12.303910358215509 15.138391363875519 17.34192382093828
 891127520 2 29400.11 35676.956 209494.114 17.014845963643637 99.91071211344376 121.24138583154961 2.1268557454554546 12.48883901418047 15.155173228943701
 980240272 2 28549.91 33839.941 38068.056 102.99872123756465 115.86784645989779 137.3370734969042 12.874840154695582 14.483480807487224 17.167134187113025
 1078264288 1 15335.083 24471.998 26710.987 80.73563796051414 88.12229291617301 140.62712122262394 10.091954745064267 11.015286614521626 17.578390152827993
 1186090704 1 17907.858 18310.07 20644.903 114.90397450644355 129.5561080869707 132.4659491939237 14.362996813305443 16.19451351087134 16.558243649240463
 1304699760 1 18255.949 21830.082 43341.875 60.20504465946617 119.53228210503289 142.9342029822717 7.525630582433271 14.941535263129111 17.866775372783962
 1435169728 1 24006.128 25276.184 26222.944 109.45908499060975 113.55905052756381 119.566947905968 13.68238562382622 14.194881315945477 14.945868488246
 1578686688 1 26092.052 27159.929 27241.945 115.90117284210066 116.25116457410473 121.00900979348039 14.487646605262583 14.531395571763092 15.126126224185048
 1736555344 1 26665.926 30011.177 36113.024 96.17335529696986 115.72724015455974 130.24526836232874 12.021669412121232 14.465905019319967 16.280658545291093
 1910210864 1 29038.191 31891.108 32391.071 117.94675538823647 119.79582923239919 131.56541769423586 14.743344423529559 14.974478654049898 16.445677211779483
 2101231936 1 29098.034 35443.068 38526.058 109.08107629386843 118.56941594333763 144.42432337524934 13.635134536733554 14.821176992917204 18.053040421906168
 
META_DATA
 FLOPS          2
 OPENMP_THREADS 2
 ERT_VERSION  1.1.0
 HOSTNAME  Rezas-MacBook-Pro.local
 UNAME  uname_result(system='Darwin', node='Rezas-MacBook-Pro.local', release='21.6.0', version='Darwin Kernel Version 21.6.0: Wed Aug 10 14:28:23 PDT 2022; root:xnu-8020.141.5~2/RELEASE_ARM64_T6000', machine='arm64')
 TIMESTAMP_DATA  1705697643.963252
 CONFIG  {'ERT_RESULTS': ['Results.MyMacBookPro'], 'ERT_DRIVER': ['driver1'], 'ERT_KERNEL': ['kernel1'], 'ERT_MPI': ['False'], 'ERT_OPENMP': ['True'], 'ERT_OPENMP_CFLAGS': ['-Xpreprocessor', '-fopenmp', '-I/opt/homebrew/opt/libomp/include'], 'ERT_OPENMP_LDFLAGS': ['-L/opt/homebrew/opt/libomp/lib', '-lomp'], 'ERT_FLOPS': ['1,2,4,8,16'], 'ERT_ALIGN': ['32'], 'ERT_CC': ['clang'], 'ERT_CFLAGS': ['-O3', '-std=c++11', '-Xpreprocessor', '-fopenmp', '-I/opt/homebrew/opt/libomp/include'], 'ERT_LD': ['clang'], 'ERT_LDFLAGS': ['-L/opt/homebrew/opt/libomp/lib', '-lomp', '-lc++'], 'ERT_LDLIBS': [], 'ERT_PRECISION': ['FP64'], 'ERT_RUN': ['export', 'OMP_NUM_THREADS=ERT_OPENMP_THREADS;', './ERT_CODE'], 'ERT_PROCS_THREADS': ['1-10'], 'ERT_OPENMP_THREADS': ['1,2,4,8,10'], 'ERT_NUM_EXPERIMENTS': ['3'], 'ERT_MEMORY_MAX': ['2147483648', '#', 'Adjusted', 'to', '2GB,', 'consider', 'your', "system's", 'RAM'], 'ERT_WORKING_SET_MIN': ['1'], 'ERT_TRIALS_MIN': ['1'], 'ERT_GNUPLOT': ['gnuplot'], 'ERT_GPU': [False], 'ERT_HIP': [False], 'ERT_OCL': [False], 'ERT_SYCL': [False], 'ERT_WSS_MULT': [1.1]}
 TIMESTAMP_DATA  1705697664.9263349
 TIMESTAMP_DATA  1705697682.933354
 