fp64
 32 67108864 463581.085 467825.89 473387.003 9.07284582969423 9.180696040571846 9.264759574908023 2.2682114574235577 2.2951740101429614 2.316189893727006
 64 33554432 282383.919 282783.985 283144.951 15.168793513114775 15.18815606194955 15.2096738058232 3.7921983782786937 3.7970390154873876 3.8024184514558
 96 16777216 173007.965 174010.038 174213.886 18.490061532752904 18.511722134098953 18.618943191430525 4.622515383188226 4.627930533524738 4.654735797857631
 128 16777216 203391.075 204270.124 204278.946 21.0250120244893 21.02592005084405 21.11679333028748 5.256253006122325 5.2564800127110125 5.27919833257187
 160 8388608 115662.813 116163.969 117007.017 22.941825446246526 23.10832337348942 23.208449547219644 5.735456361561631 5.777080843372355 5.802112386804911
 192 8388608 132333.04 132452.011 133708.954 24.091322051625653 24.319943862535993 24.341808153126383 6.022830512906413 6.079985965633998 6.085452038281596
 224 8388608 140667.915 140857.935 141845.942 26.494211473459 26.68004741088956 26.716087915286153 6.62355286836475 6.67001185272239 6.679021978821538
 256 8388608 65127.134 65207.958 67392.826 63.730333789534214 65.86569228252786 65.94743284726762 15.932583447383553 16.466423070631965 16.486858211816905
 288 4194304 32622.099 32691.002 32771.111 73.72100091449448 73.90165354980553 74.05774545653851 18.43025022862362 18.475413387451383 18.514436364134628
 320 4194304 34890.89 35098.076 35340.071 75.95781457258532 76.48153021265325 76.93568607736862 18.98945364314633 19.120382553163314 19.233921519342154
 352 4194304 46743.87 47328.949 47549.009 62.099927592602405 62.38866652204763 63.1695667474687 15.524981898150601 15.597166630511907 15.792391686867175
 384 4194304 63014.03 63036.919 65481.901 49.19260777111526 51.100617274775125 51.119178887622326 12.298151942778816 12.775154318693781 12.779794721905581
 416 4194304 80201.864 80576.897 81317.902 42.91380916344841 43.30845512703226 43.510970368469245 10.728452290862103 10.827113781758065 10.877742592117311
 448 4194304 91017.962 91790.199 93439.102 40.21973995426455 40.942240292996864 41.28961252725039 10.054934988566137 10.235560073249216 10.322403131812598
 480 4194304 105684.996 105736.971 106925.011 37.65753028540721 38.080642956946434 38.09937069969705 9.414382571351803 9.520160739236609 9.524842674924262
 512 4194304 37796.974 37900.925 38343.191 112.01382002869819 113.32090960840665 113.63257005706329 28.003455007174548 28.330227402101663 28.408142514265823
 544 2097152 18739.939 18746.853 18909.931 120.66153895537747 121.71116805577981 121.75607273855056 30.165384738844367 30.427792013944952 30.43901818463764
 576 2097152 18769.979 18935.204 19649.029 122.95361282229264 127.58875499836176 128.7118703755609 30.73840320557316 31.89718874959044 32.17796759389022
 608 2097152 20675.898 20789.146 21327.972 119.56771286083834 122.66674311681682 123.33862509865351 29.891928215209585 30.666685779204204 30.834656274663377
 640 2097152 31926.155 31932.116 32045.126 83.7679514819196 84.06441214230838 84.08010798669618 20.9419878704799 21.016103035577096 21.020026996674044
 704 2097152 46782.97 48099.995 48220.873 61.234685983391465 61.38857220255428 63.11677125244506 15.308671495847866 15.34714305063857 15.779192813111266
 768 2097152 19451.857 19540.071 19781.113 162.8434897470127 164.8522910689526 165.59989475554957 40.71087243675318 41.21307276723815 41.39997368888739
 832 2097152 19912.958 20332.098 20385.027 171.18745675441102 171.6330960041605 175.24573335613928 42.796864188602754 42.90827400104013 43.81143333903482
 896 2097152 27885.914 27888.06 27910.948 134.64595985775904 134.75646509653234 134.7668354711271 33.66148996443976 33.689116274133085 33.69170886778178
 960 2097152 36766.052 37356.853 38640.022 104.20625122832487 107.78562744565232 109.51765612473157 26.05156280708122 26.94640686141308 27.379414031182893
 1056 1048576 11267.185 11322.975 11849.165 186.8986136997839 195.58397965199072 196.55242298764065 46.72465342494598 48.89599491299768 49.13810574691016
 1152 1048576 11759.996 12056.828 12443.066 194.1578630218629 200.37767014674174 205.43536783515913 48.53946575546573 50.094417536685434 51.35884195878978
 1248 1048576 14509.916 15144.11 15550.852 168.30239886534832 172.82268129325524 180.37635062808081 42.07559971633708 43.20567032331381 45.094087657020204
 1344 1048576 12755.156 12865.067 13062.954 215.7683696964714 219.08726071927958 220.9751325659992 53.94209242411785 54.771815179819896 55.2437831414998
 1472 1048576 13983.011 14062.881 14070.988 219.38812995931772 219.51460330212566 220.76845566380518 54.84703248982943 54.878650825531416 55.192113915951296
 1600 1048576 13982.058 13986.111 14163.017 236.9158492148954 239.91252464677277 239.98206844800671 59.22896230372385 59.97813116169319 59.99551711200168
 1760 1048576 15257.835 15295.029 15650.034 235.84533554367997 241.31941953166614 241.90768349506993 58.96133388591999 60.329854882916536 60.47692087376748
 1920 1048576 16952.991 17099.857 17373.085 231.76838425645184 235.47166739464544 237.51158954782667 57.94209606411296 58.86791684866136 59.37789738695667
 2112 524288 8728.981 8737.803 8744.955 253.24229936003098 253.44958131924005 253.7057317457788 63.310574840007746 63.36239532981001 63.4264329364447
 2304 524288 9752.035 9838.104 10216.951 236.4618469835081 245.56755082076793 247.73486805574427 59.11546174587703 61.391887705191984 61.93371701393607
 2528 524288 10982.99 11086.941 11328.936 233.98491508823074 239.09211097993577 241.35505249481247 58.496228772057684 59.77302774498394 60.33876312370312
 2752 524288 11493.921 11523.008 11709.929 246.43028595647334 250.4277660833005 251.0615091229529 61.607571489118335 62.606941520825124 62.76537728073823
 3008 524288 12853.861 13033.867 13087.988 240.99323807448476 241.9939230621273 245.3828159492311 60.24830951862119 60.49848076553182 61.34570398730777
 3296 524288 13738.871 14245.987 14533.043 237.8102435945452 242.60210935191785 251.5568052134706 59.4525608986363 60.65052733797946 62.88920130336765
 3616 524288 14837.98 15007.019 15452.147 245.38019318609898 252.65849373549804 255.53685986906578 61.345048296524745 63.16462343387451 63.884214967266445
 3968 524288 16782.045 16978.979 17314.911 240.29864017204594 245.05298981758563 247.92863849429554 60.074660043011484 61.26324745439641 61.982159623573885
 4352 262144 9111.881 9278.059 9423.971 242.11676542722807 245.92443053013568 250.40947922827354 60.52919135680702 61.48110763253392 62.602369807068385
 4768 262144 9761.095 10084.867 10304.928 242.58346919066295 247.87686183665087 256.0988479263853 60.64586729766574 61.96921545916272 64.02471198159633
 5216 262144 10574.818 10734.081 10746.002 254.48405909472189 254.7666826810791 258.6036192774192 63.62101477368047 63.69167067026977 64.6509048193548
 5728 262144 11691.093 11816.978 11843.92 253.55808414781592 254.13618134856478 256.8726178125518 63.38952103695398 63.534045337141194 64.21815445313796
 6272 262144 12717.962 12779.951 13399.839 245.4010332512204 257.3041427154142 258.55827655405795 61.3502583128051 64.32603567885354 64.63956913851449
 6880 262144 14000.893 14043.808 14642.954 246.3370054976612 256.84639379860505 257.63366950950916 61.5842513744153 64.21159844965126 64.40841737737729
 7552 262144 15532.017 15578.985 15753.984 251.32836087684234 254.15153657314644 254.92007741171025 62.832090219210585 63.53788414328661 63.73001935292756
 8288 131072 8315.086 8515.12 8528.948 254.73827158988422 255.15194994315988 261.290078298649 63.684567897471055 63.78798748578997 65.32251957466225
 9088 131072 9299.994 9377.003 9577.99 248.73325948346158 254.0646165944492 256.1684095710169 62.183314870865395 63.5161541486123 64.04210239275423
 9984 131072 10132.79 10194.063 10260.105 255.08956253371673 256.74215433041763 258.29467461577707 63.77239063342918 64.18553858260441 64.57366865394427
 10976 131072 11074.066 11129.141 11170.864 257.57117300864104 258.53680387372214 259.8225930746665 64.39279325216026 64.63420096843053 64.95564826866662
 12064 131072 12245.893 12275.934 12650.013 250.00015541486002 257.61829739390913 258.2502734590282 62.500038853715004 64.40457434847728 64.56256836475706
 13248 131072 13478.994 13484.001 13645.887 254.50040089002638 257.55587766568686 257.6515511469179 63.625100222506596 64.38896941642172 64.41288778672947
 14560 131072 14687.061 14731.169 14761.925 258.5581921057044 259.09801455675375 259.87613451050555 64.6395480264261 64.77450363918844 64.96903362762639
 16000 131072 16155.958 16286.85 16528.845 253.75662969796133 257.5270233347762 259.6134503444487 63.43915742449033 64.38175583369404 64.90336258611218
 17600 65536 8866.072 9119.987 9290.934 248.29228148644694 252.9463254717359 260.1904428477459 62.073070371611735 63.23658136793397 65.04761071193647
 19360 65536 9806.871 9850.979 10128.975 250.52425541577506 257.594084811266 258.7526561734115 62.631063853943765 64.3985212028165 64.68816404335287
 21280 65536 10874.987 11179.924 11249.065 247.95057722575163 249.4840000701257 256.4795856767461 61.98764430643791 62.37100001753142 64.11989641918653
 23392 65536 11855.841 12022.972 12367.964 247.90145120086052 255.0148352670205 258.6097623947554 61.97536280021513 63.75370881675512 64.65244059868886
 25728 65536 12954.95 13296.843 13380.051 252.03345009671492 253.6106063672407 260.30362263073187 63.00836252417873 63.40265159181018 65.07590565768297
 28288 65536 14219.999 14339.209 14595.032 254.042932965135 258.57526283353565 260.7429674221496 63.51073324128375 64.64381570838391 65.1857418555374
 31104 65536 15758.991 15779.972 16149.998 252.43739893961597 258.3568264886655 258.7007942323211 63.109349734903994 64.58920662216637 64.67519855808027
 34208 32768 8622.885 8794.069 8944.988 250.62699782269135 254.92812121442304 259.9890278021799 62.65674945567284 63.73203030360576 64.99725695054498
 37600 32768 9449.005 9507.895 11461.973 214.98511643676005 259.1692062228285 260.7844529662118 53.74627910919001 64.79230155570713 65.19611324155295
 41344 32768 10426.044 10576.963 10788.918 251.139213774727 256.17186937308946 259.8800066448981 62.78480344368175 64.04296734327237 64.97000166122453
 45472 32768 11523.008 11568.069 11799.097 252.5661914636349 257.6102365917769 258.61762761945494 63.14154786590873 64.40255914794423 64.65440690486373
 50016 32768 12600.183 12605.906 12937.069 253.3687171336877 260.0248309006905 260.1429341145283 63.34217928342193 65.00620772517263 65.03573352863208
 55008 32768 14167.07 14318.228 16305.923 221.08557043964944 251.77726517555107 254.4636461879556 55.27139260991236 62.944316293887766 63.6159115469889
 60480 32768 15213.966 15387.058 15478.849 256.06666748929456 257.5942249649023 260.52492032649474 64.01666687232364 64.39855624122558 65.13123008162368
 66528 16384 8386.135 8497.953 8728.027 249.7688772044358 256.53113214441174 259.95163493075177 62.44221930110895 64.13278303610294 64.98790873268794
 73152 16384 9271.86 9593.964 9742.975 246.02800848816707 249.8492527176462 258.5290045363066 61.50700212204177 62.46231317941155 64.63225113407665
 80448 16384 10174.036 10234.118 11477.947 229.66825548157698 257.5815584694255 259.1026868786389 57.417063870394244 64.39538961735637 64.77567171965973
 88480 16384 11170.864 11441.946 12026.072 241.08558804570603 253.39331613695785 259.5423809653399 60.27139701142651 63.34832903423946 64.88559524133497
 97312 16384 12251.139 12262.106 12813.091 248.86419802996795 260.04665234503767 260.27944144621983 62.21604950749199 65.01166308625942 65.06986036155496
 107040 16384 13530.016 13553.143 13978.958 250.91188627936359 258.79507948820435 259.23744066525865 62.727971569840896 64.69876987205109 64.80936016631466
 117728 16384 14847.994 15187.025 15251.16 252.94542211871095 254.01361385788198 259.81362223072017 63.23635552967774 63.503403464470495 64.95340555768004
 129472 16384 16314.03 16815.901 17683.029 239.92148042057727 252.29326076550996 260.05459693282404 59.98037010514432 63.07331519137749 65.01364923320601
 142400 8192 9211.063 9404.898 9435.892 247.25607287578111 248.07090943463712 253.29124336680792 61.81401821894528 62.01772735865928 63.32281084170198
 156640 8192 9879.112 10421.991 10591.03 242.3172968068261 246.24755097178647 259.77939717658836 60.57932420170653 61.56188774294662 64.94484929414709
 172288 8192 11151.075 11688.948 11741.161 240.41630908561766 241.49021725479483 253.13851731783706 60.104077271404414 60.37255431369871 63.284629329459264
 189504 8192 12231.827 12251.139 12621.88 245.9881995392129 253.43223483139 253.83236175593396 61.497049884803225 63.3580587078475 63.45809043898349
 208448 8192 13106.823 13478.041 13731.956 248.70543074854012 253.39083268851905 260.5674946552647 62.17635768713503 63.347708172129764 65.14187366381617
 229280 8192 14431.953 14771.938 15229.225 246.6654422664318 254.30133270258784 260.2921115388888 61.66636056660795 63.57533317564696 65.0730278847222
 252192 8192 15906.811 17123.938 18711.09 220.82699233449253 241.29459753942115 259.75751695295804 55.20674808362313 60.32364938485529 64.93937923823951
 277408 4096 8832.932 9049.892 9219.885 246.4809849580553 251.11087911325347 257.2788215736292 61.620246239513826 62.77771977831337 64.3197053934073
 305120 4096 9659.052 10051.012 10063.171 248.3852296656789 248.6857084639835 258.77726302746896 62.09630741641973 62.171427115995876 64.69431575686724
 335616 4096 10578.871 10991.096 11132.002 246.97860025537184 250.14486926508516 259.8922202567741 61.74465006384296 62.53621731627129 64.97305506419353
 369152 4096 11714.935 12123.823 12722.015 237.70551944798052 249.43396022855165 258.13998831406235 59.42637986199513 62.358490057137914 64.53499707851559
 406048 4096 12784.004 12855.053 14410.019 230.83558848881464 258.75779866485186 260.19588354321536 57.70889712220366 64.68944966621297 65.04897088580384
 446624 4096 14055.014 14281.988 14978.886 244.26007434731795 256.17888826121407 260.31591345266537 61.06501858682949 64.04472206530352 65.07897836316634
 491264 4096 15401.125 15522.957 16497.85 243.93691832572128 259.2569629613739 261.30783874554623 60.98422958143032 64.81424074034348 65.32695968638656
 540384 2048 8811.951 8831.978 9680.033 228.65757420455077 250.61349382890222 251.1830653620294 57.16439355113769 62.653373457225555 62.79576634050735
 594400 2048 9438.992 9454.012 9937.048 245.00861825363026 257.52689969084025 257.9366949352219 61.252154563407565 64.38172492271006 64.48417373380548
 653824 2048 10356.903 10378.122 11905.193 224.9491548772036 258.04891328122756 258.5775983418981 56.2372887193009 64.51222832030689 64.64439958547453
 719200 2048 11720.896 12255.907 12558.937 234.5615078728399 240.36109281834467 251.3325943682121 58.64037696820998 60.09027320458617 62.83314859205303
 791104 2048 12476.206 12856.96 13003.826 249.1852770100123 252.03173876250688 259.72334730606406 62.296319252503075 63.00793469062672 64.93083682651601
 870208 2048 13789.177 13908.148 14322.996 248.85659173541626 256.27941031401167 258.4905515390803 62.214147933854065 64.06985257850292 64.62263788477007
 957216 2048 15095.949 15102.863 18739.939 209.21929020153163 259.60354245416914 259.7224418285992 52.30482255038291 64.90088561354229 64.9306104571498
 1052928 1024 8307.934 8446.932 8582.83 251.24539854570116 255.28754629491513 259.5586994311703 62.81134963642529 63.82188657372878 64.88967485779257
 1158208 1024 9476.9 9675.026 9736.061 243.6313806990322 245.16833174401805 250.2938707805295 60.90784517475805 61.29208293600451 62.57346769513237
 1274016 1024 10174.99 10377.169 10791.063 241.79126449359066 251.43512339444408 256.43118745079846 60.447816123397665 62.85878084861102 64.10779686269962
 1401408 1024 11085.033 11378.05 11443.138 250.81263408690867 252.24740478377228 258.91520431197637 62.70315852172717 63.06185119594307 64.72880107799409
 1541536 1024 12182.951 12632.132 13698.101 230.47470069026355 249.92342765259264 259.13801409855466 57.61867517256589 62.48085691314816 64.78450352463867
 1695680 1024 13362.885 13678.074 14228.106 244.07694460527637 253.89193244604468 259.88045545553973 61.01923615131909 63.47298311151117 64.97011386388493
 1865248 1024 14708.996 14771.938 15360.832 248.68626282743017 258.60032068913364 259.7069102473072 62.17156570685754 64.65008017228341 64.9267275618268
 2051744 1024 16138.077 16181.946 16855.955 249.28707462733493 259.67035806447507 260.3762339217987 62.32176865683373 64.91758951611877 65.09405848044968
 2256896 512 8940.935 8948.088 9283.066 248.95454842182525 258.2743379367749 258.4809646865792 62.23863710545631 64.56858448419372 64.6202411716448
 2482560 512 9792.089 9819.984 10409.117 244.22258295300165 258.8742955182004 259.61175802221567 61.05564573825041 64.7185738795501 64.90293950555392
 2730816 512 10776.043 10839.939 11850.119 235.97700445033504 257.96783395183314 259.4974411293645 58.99425111258376 64.49195848795829 64.87436028234113
 3003872 512 12012.005 12065.887 13214.111 232.77880199432258 254.93069245551527 256.0742297393316 58.194700498580644 63.73267311387882 64.0185574348329
 3304256 512 13139.009 13263.941 14317.989 236.31517973648397 255.09448089372532 257.52004158000045 59.07879493412099 63.77362022343133 64.38001039500011
 3634656 512 14321.089 14468.908 15156.984 245.55595915387917 257.2334929491569 259.8885981366361 61.38898978846979 64.30837323728923 64.97214953415903
 3998112 512 15821.934 15851.021 16216.993 252.45535272784542 258.28409968039284 258.758928459694 63.113838181961356 64.57102492009821 64.6897321149235
 4397920 256 8655.071 8768.082 8780.003 256.4617620290107 256.8104449753093 260.1636705233267 64.11544050725267 64.20261124382732 65.04091763083167
 4837696 256 9588.957 9890.079 9907.007 250.01499968658547 250.4429289189702 258.30758778040195 62.50374992164637 62.61073222974255 64.57689694510049
 5321440 256 10485.888 10838.032 11152.029 244.31224847065945 251.39040740975855 259.8327657133092 61.078062117664864 62.84760185243964 64.9581914283273
 5853568 256 11622.906 11626.005 11863.947 252.61633552476255 257.7864723092756 257.85520557423416 63.15408388119064 64.4466180773189 64.46380139355854
 6438912 256 12723.207 12791.157 13031.006 252.99067040564634 257.7345383220611 259.11100432461717 63.247667601411585 64.43363458051527 64.77775108115429
 7082784 256 13976.097 14164.209 14331.102 253.04302544214673 256.02456219051834 259.47053801930537 63.26075636053668 64.00614054762958 64.86763450482634
 7791040 256 15528.917 15857.935 15976.191 249.6848266273231 251.54677957754274 256.87641192235105 62.421206656830776 62.886694894385684 64.21910298058776
 8570144 128 8770.943 8780.003 8946.18 245.2395172017554 249.88110641875636 250.13922265827063 61.30987930043885 62.47027660468909 62.534805664567656
 9427136 128 9320.974 9587.049 9775.877 246.86755121816688 251.7298926916927 258.9157330553652 61.71688780454172 62.932473172923174 64.7289332638413
 10369824 128 10221.004 10379.791 10647.058 249.33413004794375 255.75418079227222 259.7274146453714 62.333532511985936 63.938545198068056 64.93185366134286
 11406784 128 11322.975 11631.012 11845.827 246.51184792754444 251.06471423122937 257.8948292299506 61.62796198188611 62.76617855780734 64.47370730748764
 12547456 128 12579.203 12818.098 13395.071 239.80079956276455 250.59480244260888 255.3539151884265 59.95019989069114 62.64870061065222 63.838478797106625
 13802176 128 13797.998 14632.94 14715.91 240.10455731245978 241.46597033815485 256.07751617299846 60.026139328114944 60.36649258453871 64.01937904324961
 15182368 128 15326.977 15748.978 16720.057 232.4565166255115 246.7897414041724 253.58465717016472 58.11412915637788 61.6974353510431 63.39616429254118
 16700576 128 17108.917 17515.898 19816.875 215.74276751505977 244.08382921617834 249.89001092237459 53.93569187876494 61.020957304044586 62.472502730593646
 18370624 64 9413.958 9676.933 10278.94 228.76287554942434 242.99433219182148 249.78227776244591 57.190718887356084 60.74858304795537 62.44556944061148
 20207680 64 10596.037 10774.851 12085.915 214.01631899612067 240.05743002849874 244.10853227484952 53.50407974903017 60.014357507124686 61.02713306871238
 22228448 64 11740.923 12181.997 14176.13 200.70649352115143 233.56115947163673 242.33540616866324 50.17662338028786 58.39028986790918 60.58385154216581
 24451264 64 13043.88 13302.088 15571.833 200.98865637719078 235.28349774862411 239.94101387010616 50.247164094297695 58.82087443715603 59.98525346752654
 26896384 64 14512.062 14647.007 17009.02 202.40655558050963 235.04714321499264 237.23280344309444 50.60163889512741 58.76178580374816 59.30820086077361
 29586016 64 16067.982 16248.226 16444.206 230.29449083768472 233.07221649920427 235.68672456815048 57.57362270942118 58.26805412480107 58.92168114203762
 32544608 64 17935.991 18102.884 22004.128 189.31492418149904 230.11304850652527 232.2542325093718 47.32873104537476 57.52826212663132 58.06355812734295
 35799040 32 9896.994 12159.824 13360.977 171.47986707858263 188.41872711315554 231.49842871481982 42.86996676964566 47.104681778288885 57.874607178704956
 39378944 32 11045.933 12902.021 14724.016 171.16610142232935 195.33780141886297 228.16111739949895 42.79152535558234 48.83445035471574 57.04027934987474
 43316832 32 12636.9 12765.884 14232.874 194.7798630129094 217.16296717093778 219.3795351708093 48.69496575322735 54.290741792734444 54.844883792702326
 47648512 32 13760.09 14014.006 14045.0 217.12387098611603 217.60407181215706 221.6195365001246 54.28096774652901 54.401017953039265 55.40488412503115
 52413344 32 15774.965 15820.026 16180.992 207.30830445994903 212.0384641592877 212.64414951158372 51.82707611498726 53.00961603982193 53.16103737789593
 57654656 32 19165.993 19611.835 19660.234 187.6833197407518 188.14649338014522 192.52318332788707 46.92082993518795 47.036623345036304 48.13079583197177
 63420096 32 23247.957 24746.18 24873.018 163.18430453433515 164.02071527807524 174.591089617036 40.79607613358379 41.00517881951881 43.647772404259
 69762080 16 13196.945 13769.865 14243.841 156.72644478410004 162.12116531280446 169.15934407546595 39.18161119602501 40.530291328201116 42.28983601886649
 76738272 16 14602.9 14625.072 14783.859 166.10174001253665 167.90513605676608 168.1600712187305 41.52543500313416 41.97628401419152 42.04001780468263
 84412096 16 16108.036 16165.972 16533.852 163.37312514954172 167.09091615400547 167.69189440599712 40.84328128738543 41.77272903850137 41.92297360149928
 92853280 16 17752.171 18130.064 18598.08 159.7640702696192 163.88827750415004 167.37699067905555 39.9410175674048 40.97206937603751 41.84424766976389
 102138592 16 19491.911 19757.032 21533.966 151.7804450884709 165.43147493004008 167.6816061801226 37.94511127211773 41.35786873251002 41.92040154503065
 112352448 16 21511.078 21908.998 24600.983 146.1436860470169 164.1005369574638 167.13613032317576 36.535921511754225 41.02513423936595 41.78403258079394
 123587680 16 23598.909 24006.128 24730.921 159.91340395288958 164.74150933461655 167.58426247586277 39.978350988222395 41.18537733365414 41.89606561896569
 135946432 8 12988.806 13105.869 13627.052 159.619476905203 165.9670878749055 167.46288396331425 39.90486922630075 41.491771968726376 41.865720990828564
 149541056 8 14222.145 14568.806 15156.984 157.85837710193533 164.23150229332452 168.23460146131262 39.46459427548383 41.05787557333113 42.058650365328155
 164495136 8 16002.893 16250.849 18995.047 138.5583397608861 161.9559800229514 164.4653986001156 34.639584940221525 40.48899500573785 41.1163496500289
 180944640 8 17484.903 17681.122 17938.852 161.38793273950864 163.74041421127006 165.57794115300496 40.34698318487716 40.935103552817516 41.39448528825124
 199039104 8 19587.994 20006.18 20094.156 158.48516673205881 159.18209593235687 162.5804900695804 39.621291683014704 39.79552398308922 40.6451225173951
 218943008 8 20977.974 20988.941 21214.008 165.1308950199321 166.90161394993677 166.98886784777213 41.282723754983024 41.72540348748419 41.74721696194303
 240837280 8 23113.012 23181.915 26221.991 146.9528564783658 166.22425196537904 166.7197888358298 36.73821411959145 41.55606299134476 41.67994720895745
 264920992 8 25415.897 26070.118 28081.894 150.94195113762626 162.5898230303369 166.77498622220574 37.735487784406565 40.647455757584225 41.693746555551435
 291413088 4 14104.843 14112.949 14255.047 163.54240740139264 165.1890546759575 165.28398820178288 40.88560185034816 41.29726366898937 41.32099705044572
 320554368 4 15402.079 15881.062 16320.944 157.12540549125097 161.47754753428956 166.49927220864143 39.28135137281274 40.36938688357239 41.62481805216036
 352609792 4 17769.098 18376.112 21643.877 130.33147139026894 153.50789851520278 158.7519150381184 32.582867847567236 38.376974628800696 39.6879787595296
 387870752 4 18512.011 18657.207 18922.091 163.98642285358417 166.31460518179384 167.61906720993198 40.99660571339604 41.57865129544846 41.904766802482996
 426657824 4 20534.992 20679.951 22934.914 148.8238670526517 165.05177367199758 166.21689416776985 37.20596676316293 41.262943417999395 41.55422354194246
 469323584 4 22472.858 23145.914 23156.881 162.13706293174803 162.2138867361211 167.07214863369848 40.53426573293701 40.55347168403028 41.76803715842462
 516255936 4 24544.001 24899.006 25711.06 160.63310839770898 165.8719825201054 168.2711587242846 40.158277099427245 41.46799563002635 42.06778968107115
 567881504 2 13564.11 13700.008 13967.991 162.62367408455518 165.80472186585587 167.46590937407615 40.655918521138794 41.45118046646397 41.86647734351904
 624669632 2 14972.925 15115.976 15969.992 156.46085032478416 165.30050907728355 166.87978654805258 39.11521258119604 41.32512726932089 41.719946637013145
 687136576 2 16617.775 16644.955 17051.935 161.18676877433558 165.12789034274948 165.39797319436565 40.296692193583894 41.28197258568737 41.34949329859141
 755850208 2 18341.064 18697.977 19687.891 153.56651619007846 161.69668151800596 164.8432627463707 38.391629047519615 40.42417037950149 41.210815686592674
 831435200 2 20220.041 20298.958 23833.036 139.54331290398758 163.83800587202558 164.47745086174652 34.885828225996896 40.959501468006394 41.11936271543663
 914578720 2 21800.041 22238.97 23705.006 154.32668019573586 164.5001940287702 167.812293564035 38.581670048933965 41.12504850719255 41.95307339100875
 1006036576 2 24096.966 24416.924 25000.811 160.96063059714342 164.80971575289337 166.99804880000246 40.240157649285855 41.20242893822334 41.749512200000616
 1106640224 1 13171.911 13280.153 14064.074 157.371217472263 166.66076422462905 168.03032209980768 39.34280436806575 41.66519105615726 42.00758052495192
 1217304224 1 14497.042 14502.048 15271.902 159.41750071471125 167.880319248702 167.9382903077745 39.85437517867781 41.9700798121755 41.98457257694363
 1339034624 1 16341.925 16456.127 16546.965 161.84655300836135 162.739947741045 163.87722058447827 40.46163825209034 40.68498693526125 40.96930514611957
 1472938080 1 17765.045 18003.941 20529.032 143.49805485226972 163.62396210918487 165.82430047320457 35.87451371306743 40.90599052729622 41.45607511830114
 1620231872 1 19587.04 19748.926 23487.091 137.96786260163083 164.08303641423336 165.43917529141717 34.49196565040771 41.02075910355834 41.35979382285429
 1782255040 1 21277.189 21398.067 21713.018 164.16465366537253 166.58093836232965 167.52730259622172 41.04116341634313 41.64523459058241 41.88182564905543
 1960480544 1 23436.069 23890.018 24008.036 163.3186941239175 164.12549743579098 167.30455470155852 40.82967353097938 41.031374358947744 41.82613867538963
 
META_DATA
 FLOPS          4
 OPENMP_THREADS 4
 ERT_VERSION  1.1.0
 HOSTNAME  Rezas-MacBook-Pro.local
 UNAME  uname_result(system='Darwin', node='Rezas-MacBook-Pro.local', release='21.6.0', version='Darwin Kernel Version 21.6.0: Wed Aug 10 14:28:23 PDT 2022; root:xnu-8020.141.5~2/RELEASE_ARM64_T6000', machine='arm64')
 TIMESTAMP_DATA  1705698016.4119658
 CONFIG  {'ERT_RESULTS': ['Results.MyMacBookPro'], 'ERT_DRIVER': ['driver1'], 'ERT_KERNEL': ['kernel1'], 'ERT_MPI': ['False'], 'ERT_OPENMP': ['True'], 'ERT_OPENMP_CFLAGS': ['-Xpreprocessor', '-fopenmp', '-I/opt/homebrew/opt/libomp/include'], 'ERT_OPENMP_LDFLAGS': ['-L/opt/homebrew/opt/libomp/lib', '-lomp'], 'ERT_FLOPS': ['1,2,4,8,16'], 'ERT_ALIGN': ['32'], 'ERT_CC': ['clang'], 'ERT_CFLAGS': ['-O3', '-std=c++11', '-Xpreprocessor', '-fopenmp', '-I/opt/homebrew/opt/libomp/include'], 'ERT_LD': ['clang'], 'ERT_LDFLAGS': ['-L/opt/homebrew/opt/libomp/lib', '-lomp', '-lc++'], 'ERT_LDLIBS': [], 'ERT_PRECISION': ['FP64'], 'ERT_RUN': ['export', 'OMP_NUM_THREADS=ERT_OPENMP_THREADS;', './ERT_CODE'], 'ERT_PROCS_THREADS': ['1-10'], 'ERT_OPENMP_THREADS': ['1,2,4,8,10'], 'ERT_NUM_EXPERIMENTS': ['3'], 'ERT_MEMORY_MAX': ['2147483648', '#', 'Adjusted', 'to', '2GB,', 'consider', 'your', "system's", 'RAM'], 'ERT_WORKING_SET_MIN': ['1'], 'ERT_TRIALS_MIN': ['1'], 'ERT_GNUPLOT': ['gnuplot'], 'ERT_GPU': [False], 'ERT_HIP': [False], 'ERT_OCL': [False], 'ERT_SYCL': [False], 'ERT_WSS_MULT': [1.1]}
 TIMESTAMP_DATA  1705698030.1122491
 TIMESTAMP_DATA  1705698043.773165
 