fp64
 80 16777216 137012.005 153929.234 171673.059 15.636434602123561 17.438887274655055 19.592112092659328 3.9091086505308903 4.359721818663764 4.898028023164832
 160 8388608 91202.974 93998.909 108572.96 24.72396957769227 28.557294851156197 29.43275248897037 6.180992394423067 7.139323712789049 7.358188122242592
 240 8388608 114970.922 137567.043 166224.003 24.223528295128347 29.269596497760002 35.0221757811075 6.055882073782087 7.3173991244400005 8.755543945276875
 320 4194304 71587.801 75097.084 98731.041 27.18855724411941 35.74512373875928 37.49737416854025 6.797139311029852 8.93628093468982 9.374343542135062
 400 4194304 76174.974 94687.939 110565.901 30.347902650384047 35.43685959834863 44.04915451628509 7.586975662596012 8.859214899587158 11.012288629071273
 480 4194304 81749.916 99565.029 103689.909 38.83243681890009 40.44122600516693 49.254262719976374 9.708109204725023 10.110306501291733 12.313565679994094
 560 2097152 47238.111 54877.043 73809.147 31.82275280867289 42.801326594802134 49.72278082838665 7.955688202168223 10.700331648700534 12.430695207096662
 640 2097152 26291.847 28542.995 33052.921 81.21383765144388 94.04600182987105 102.09836380076302 20.30345941286097 23.51150045746776 25.524590950190756
 720 2097152 24693.966 25010.109 29494.047 102.39011553755238 120.74712989055746 122.29298768776145 25.597528884388094 30.186782472639365 30.573246921940363
 800 2097152 26733.875 27836.084 49074.888 68.37393495426826 120.54293269125067 125.5127885501073 17.093483738567066 30.135733172812667 31.378197137526826
 880 2097152 34094.095 46126.127 49535.99 74.51122951211838 80.01945448400643 108.25885010292839 18.627807378029594 20.004863621001608 27.064712525732098
 960 2097152 44661.999 50659.18 52412.987 76.82317056266989 79.48276778266052 90.15565648998378 19.20579264066747 19.87069194566513 22.538914122495946
 1040 1048576 30153.99 34290.075 39627.075 55.03908830010795 63.6055208394849 72.3299994461761 13.759772075026987 15.901380209871226 18.082499861544026
 1120 1048576 33797.979 36671.877 49944.162 47.02872459848261 64.04935967689902 69.49558256131233 11.757181149620653 16.012339919224754 17.373895640328083
 1200 1048576 27412.176 33921.003 40271.044 62.4911139626775 74.18950436105914 91.8052766040901 15.622778490669376 18.547376090264784 22.951319151022524
 1280 1048576 14613.867 14891.863 16669.035 161.03839004477464 180.25646354656902 183.6854379473961 40.25959751119366 45.064115886642256 45.92135948684903
 1360 1048576 14697.075 18065.929 18831.015 151.4590010150807 157.8732386250383 194.06083999707423 37.864750253770175 39.46830965625958 48.515209999268556
 1440 1048576 14604.807 16898.87 19903.183 151.72944347645299 178.7041902801785 206.77430930788745 37.932360869113246 44.676047570044624 51.69357732697186
 1520 1048576 15857.935 18851.995 20406.008 156.2123782368408 169.08932131586073 201.01425816160807 39.0530945592102 42.27233032896518 50.25356454040202
 1600 1048576 24294.138 25532.007 25971.889 129.1951925406735 131.421051231891 138.11740099607567 32.298798135168376 32.85526280797275 34.52935024901892
 1760 1048576 32876.015 36048.174 56216.955 65.65612669700805 102.39041566987554 112.26991835841419 16.414031674252012 25.597603917468884 28.067479589603547
 1920 1048576 17778.873 17877.817 24729.967 162.8199439166255 225.22502831302052 226.4784635111573 40.704985979156376 56.30625707825513 56.61961587778932
 2080 524288 8920.908 9330.034 9500.027 229.58230329240118 233.76528745768775 244.4861083647539 57.395575823100295 58.44132186442194 61.121527091188476
 2240 524288 12408.018 13094.187 13565.063 173.1514435281281 179.378088918388 189.29777825918694 43.28786088203203 44.844522229597 47.324444564796735
 2400 524288 14224.052 15588.999 17672.062 142.40457055888552 161.43322608462546 176.9244375653295 35.60114263972138 40.358306521156365 44.231109391332375
 2640 524288 10282.993 11279.821 13592.005 203.6668350254433 245.41529870021873 269.20573027716733 50.916708756360826 61.35382467505468 67.30143256929183
 2880 524288 10796.07 11659.861 12164.116 248.26291363877164 258.99956097246786 279.7220544142452 62.06572840969291 64.74989024311697 69.9305136035613
 3120 524288 12050.152 13605.833 14503.002 225.57792655617092 240.45254120052775 271.49509151419835 56.39448163904273 60.11313530013194 67.87377287854959
 3360 524288 11149.168 12502.909 12740.135 276.54458606600326 281.7916502471545 316.00702043417056 69.13614651650082 70.44791256178863 79.00175510854264
 3680 524288 12060.881 13179.064 13885.021 277.9080910284543 292.7946688778505 319.94011714401296 69.47702275711357 73.19866721946262 79.98502928600324
 4000 524288 12060.165 14061.928 16750.813 250.39405550047033 298.27375022827596 347.7816431201397 62.59851387511758 74.56843755706899 86.94541078003492
 4400 262144 6694.794 6767.988 8675.098 265.9182870326076 340.84977692040826 344.5762782245429 66.4795717581519 85.21244423010207 86.14406955613572
 4800 262144 7622.004 8456.945 10143.042 248.10923586829276 297.5758267317571 330.17332449576253 62.02730896707319 74.39395668293928 82.54333112394063
 5280 262144 8749.962 8905.888 10630.131 260.4145367540626 310.83263566754937 316.37173281438254 65.10363418851566 77.70815891688734 79.09293320359563
 5760 262144 9493.828 10338.068 11167.049 270.42944649029477 292.11443376073754 318.09075117012867 67.60736162257369 73.02860844018439 79.52268779253217
 6320 262144 9982.109 10064.125 11753.082 281.9260650100118 329.23877237216345 331.943896825811 70.48151625250296 82.30969309304086 82.98597420645275
 6880 262144 10155.916 10914.087 18441.916 195.59255339846464 330.49960477683567 355.17243742464984 48.89813834961616 82.62490119420892 88.79310935616246
 7520 262144 11775.97 11952.877 12320.995 319.99410437225237 329.84910327446687 334.8043311930992 79.99852609306309 82.46227581861672 83.7010827982748
 8240 131072 6584.167 6731.033 8900.881 242.68008526347003 320.91159856146896 328.0698317645953 60.67002131586751 80.22789964036724 82.01745794114882
 9040 131072 6538.153 10603.905 12240.171 193.60691611252815 223.48198706042726 362.45431393239033 48.40172902813204 55.870496765106815 90.61357848309758
 9920 131072 7277.012 7783.89 8595.943 302.5227691714568 334.0834055979722 357.35388096103185 75.6306922928642 83.52085139949305 89.33847024025796
 10880 131072 7830.143 8729.935 9347.916 305.10829579555485 326.7065241608328 364.24963375509236 76.27707394888871 81.6766310402082 91.06240843877309
 11920 131072 8774.996 9946.108 10052.919 310.83076268693696 314.1687663154271 356.097766882173 77.70769067173424 78.54219157885677 89.02444172054325
 13040 131072 10666.847 10892.868 11711.121 291.88988483681453 313.8161373111287 320.4656221280759 72.97247120920363 78.45403432778218 80.11640553201897
 14320 131072 11986.017 12177.944 15420.914 243.4292857090053 308.25417492476566 313.1901181184709 60.85732142725133 77.06354373119142 78.29752952961772
 15680 131072 11677.027 13355.017 18034.935 227.91420761982226 307.78080776684897 352.00894200210377 56.978551904955566 76.94520194171224 88.00223550052594
 17200 65536 6725.073 6975.889 9783.983 230.42133249822697 323.1757844770753 335.2288369211754 57.60533312455674 80.79394611926882 83.80720923029385
 18880 65536 7340.908 7545.948 8322.001 297.36109861077875 327.9428058608408 337.1026254517833 74.34027465269469 81.9857014652102 84.27565636294582
 20720 65536 8006.096 8006.096 8383.989 323.92836393272944 339.21799588713407 339.21799588713407 80.98209098318236 84.80449897178352 84.80449897178352
 22720 65536 8561.85 8844.137 9839.058 302.66676342389684 336.7152544109165 347.81686668185023 75.66669085597421 84.17881360272912 86.95421667046256
 24960 65536 7981.062 8822.918 9932.995 329.36260614245754 370.80216771820847 409.91501131052485 82.34065153561438 92.70054192955212 102.47875282763121
 27440 65536 11198.044 11676.073 13165.951 273.17553285744424 308.03299020141446 321.18249222810704 68.29388321436106 77.00824755035362 80.29562305702676
 30160 65536 10620.832 11782.885 16069.174 246.00713888591906 335.49775967430725 372.2054468049207 61.501784721479765 83.87443991857681 93.05136170123018
 33120 32768 6053.925 7040.977 8310.08 261.1951172551889 308.2743090909117 358.5363743356583 65.29877931379723 77.06857727272792 89.63409358391458
 36400 32768 7472.992 7594.824 8395.91 284.12767645198676 314.09686386412636 319.21757710967705 71.03191911299669 78.52421596603159 79.80439427741926
 40000 32768 7103.92 8057.833 8481.979 309.05994933493713 325.3281620505166 369.01316456266403 77.26498733373428 81.33204051262915 92.25329114066601
 44000 32768 8760.929 9288.073 9453.058 305.04245292898867 310.46095352609734 329.1413501924282 76.26061323224717 77.61523838152434 82.28533754810705
 48400 32768 8780.003 9536.028 10322.094 307.29640710499245 332.62721124560454 361.26894261881233 76.82410177624811 83.15680281140114 90.31723565470308
 53200 32768 10864.019 11136.055 11533.022 302.30716632639735 313.0835111715953 320.92315007917415 75.57679158159934 78.27087779289883 80.23078751979354
 58480 32768 11314.869 13248.92 14605.999 262.39528566310327 289.2722787970642 338.7176007075292 65.59882141577582 72.31806969926605 84.6794001768823
 64320 32768 13074.16 13675.928 16500.95 255.45653553280263 308.22592221895286 322.4127224999541 63.86413388320066 77.05648055473822 80.60318062498852
 70720 16384 6205.082 6355.047 7386.923 313.7101821692198 364.6476509143048 373.46048932149483 78.42754554230496 91.1619127285762 93.36512233037371
 77760 16384 7977.009 8988.857 9079.933 280.62318080981436 283.4664830022327 319.4229416063088 70.15579520245359 70.86662075055817 79.8557354015772
 85520 16384 8299.112 8671.045 9235.859 303.41729556503617 323.18127284542976 337.66496463718045 75.85432389125904 80.79531821135744 84.41624115929511
 94000 16384 8964.062 9498.119 9565.115 322.02351984267835 324.29494724165903 343.6156510296336 80.50587996066959 81.07373681041476 85.9039127574084
 103360 16384 9999.99 10251.045 10519.981 321.94929629625756 330.395630884461 338.6903866903867 80.48732407406439 82.59890772111525 84.67259667259667
 113680 16384 10921.955 12156.01 14156.103 263.14206953707526 306.4382342561416 341.0622219190612 65.78551738426881 76.6095585640354 85.2655554797653
 125040 16384 11090.994 11460.066 12652.874 323.8245097516976 357.5294173698476 369.4268268470797 80.9561274379244 89.3823543424619 92.35670671176993
 137520 8192 6649.017 7078.171 8882.999 253.64493230270546 318.32060570449624 338.8662835423642 63.411233075676364 79.58015142612406 84.71657088559105
 151200 8192 6897.926 7505.894 7862.091 315.0893063944439 330.04207093785226 359.13125191543077 78.77232659861097 82.51051773446306 89.78281297885769
 166320 8192 8353.949 8658.171 13875.961 196.38184915624944 314.73008329357316 326.19146705348567 49.09546228906236 78.68252082339329 81.54786676337142
 182880 8192 7851.839 9283.066 9654.045 310.36792556902316 322.7711534098755 381.60562385448816 77.59198139225579 80.69278835246888 95.40140596362204
 201120 8192 9026.051 9461.88 9966.135 330.63470241974443 348.2553234663725 365.07106817809915 82.65867560493611 87.06383086659312 91.26776704452479
 221200 8192 9814.978 11063.814 11639.118 311.37589635228375 327.56703972066055 369.2459422731259 77.84397408807094 81.89175993016514 92.31148556828147
 243280 8192 12462.854 12842.894 14313.936 278.46285745583884 310.35836003941165 319.82237134447695 69.61571436395971 77.58959000985291 79.95559283611924
 267600 4096 6742.001 8740.902 10473.013 209.31695587506667 250.79553574676848 325.1526067706012 52.32923896876667 62.69888393669212 81.2881516926503
 294320 4096 6765.127 7505.894 7668.972 314.392781718332 321.22348650274034 356.39677422168126 78.598195429583 80.30587162568509 89.09919355542031
 323680 4096 8070.946 8179.188 8709.908 304.43336026052174 324.1870170975407 328.53479133672806 76.10834006513043 81.04675427438518 82.13369783418202
 356000 4096 8979.797 9172.201 9220.839 316.27837770510905 317.9555267050951 324.7681434223958 79.06959442627726 79.48888167627378 81.19203585559895
 391600 4096 8832.932 9927.988 9974.957 321.60411318063825 323.1256121582742 363.1848631915201 80.40102829515956 80.78140303956854 90.79621579788002
 430720 4096 8766.89 9994.984 11037.827 319.6696451212725 353.02290028678385 402.47547762091233 79.91741128031812 88.25572507169596 100.61886940522808
 473760 4096 10162.115 10384.083 10446.072 371.5312243683558 373.74912353840006 381.91281244111093 92.88280609208896 93.43728088460001 95.47820311027773
 521120 4096 12073.04 13293.982 13427.019 317.94213145896344 321.12387695424894 353.5990140014446 79.48553286474086 80.28096923856224 88.39975350036114
 573200 2048 6392.956 6629.944 7166.147 327.62755215599117 354.12474072179185 367.2522069602856 81.90688803899779 88.53118518044796 91.8130517400714
 630480 2048 7943.153 7997.036 8888.006 290.5540432803489 322.9254038621309 325.1159936111013 72.63851082008722 80.73135096553273 81.27899840277533
 693520 2048 7598.877 8744.001 9144.068 310.65581752016715 324.8693498548319 373.8260166600933 77.66395438004179 81.21733746370798 93.45650416502332
 762800 2048 8401.155 9520.054 10576.963 295.39942609234805 328.19444091388556 371.9046726313227 73.84985652308701 82.04861022847139 92.97616815783067
 839040 2048 9224.892 10691.881 12176.991 282.2296444170814 321.4315460488197 372.5472168129448 70.55741110427034 80.35788651220493 93.1368042032362
 922880 2048 9693.861 10320.902 10528.803 359.02623308651516 366.2583444741554 389.94952372434466 89.75655827162879 91.56458611853886 97.48738093108616
 1015120 2048 11269.093 11821.985 13291.121 312.83527702441353 351.71179120934426 368.9677172776904 78.20881925610338 87.92794780233606 92.2419293194226
 1116560 1024 6140.947 6389.856 7058.859 323.94964681969134 357.8664182729626 372.3717009770643 80.98741170492283 89.46660456824065 93.09292524426607
 1228160 1024 5903.959 6784.916 7764.101 323.96174135292677 370.71522771984206 426.0313596351195 80.99043533823169 92.67880692996052 106.50783990877987
 1350960 1024 7508.039 7660.866 8884.907 311.40067982703704 361.15578578192077 368.50715346577186 77.85016995675926 90.28894644548019 92.12678836644297
 1486000 1024 9344.816 9589.911 9943.962 306.04783083443 317.3468450332855 325.6701897608256 76.5119577086075 79.33671125832137 81.4175474402064
 1634560 1024 10401.011 10541.916 10789.156 310.2725440247596 317.54937906923186 321.8512969556517 77.5681360061899 79.38734476730797 80.46282423891293
 1798000 1024 9207.01 11366.129 11450.052 321.59714209158176 323.9716881622582 399.9456935530644 80.39928552289544 80.99292204056455 99.9864233882661
 1977760 1024 12501.955 12584.925 12727.976 318.2322531092139 321.84955254004296 323.98552706356725 79.55806327730348 80.46238813501074 80.99638176589181
 2175520 512 6021.023 6035.089 7085.085 314.42565332667147 369.1300128299682 369.9923551197196 78.60641333166787 92.28250320749206 92.4980887799299
 2393040 512 6644.011 6752.968 7654.905 320.1180106088841 362.8734743004853 368.8243381896869 80.02950265222103 90.71836857512133 92.20608454742172
 2632320 512 7368.088 7432.938 8427.858 319.8316440547527 362.64202392109286 365.8338065451987 79.95791101368818 90.66050598027321 91.45845163629967
 2895520 512 8065.939 9053.946 9266.138 319.983630720803 327.482898616802 367.59669023036247 79.99590768020074 81.8707246542005 91.89917255759062
 3185040 512 8754.015 10626.078 11079.073 294.3821166265445 306.9317729457661 372.56972486339134 73.59552915663612 76.73294323644153 93.14243121584784
 3503520 512 10278.94 10528.088 10892.868 329.35352562796135 340.765054395442 349.024751579443 82.33838140699034 85.1912635988605 87.25618789486074
 3853840 512 10951.042 12156.963 12341.976 319.7488116975758 324.61496839301066 360.36133913101605 79.93720292439394 81.15374209825266 90.09033478275401
 4239200 256 6100.893 6106.853 6803.989 318.9996926802792 355.4155307160661 355.76273834010857 79.7499231700698 88.85388267901652 88.94068458502714
 4663120 256 6483.078 7191.896 8533.001 279.7980968243177 331.9732988352446 368.26912154997973 69.94952420607943 82.99332470881114 92.06728038749493
 5129360 256 7771.969 8140.087 10576.01 248.31976520445804 322.62951489339116 337.910807415727 62.07994130111451 80.65737872334779 84.47770185393175
 5642240 256 8721.113 8883.953 8965.969 322.19907073067066 325.173588829207 331.2452068904508 80.54976768266766 81.29339720730175 82.8113017226127
 6206400 256 8688.927 10100.126 14061.928 225.97731975302392 314.6175404148423 365.7156746742147 56.49432993825598 78.65438510371058 91.42891866855368
 6827040 256 9449.959 10931.015 11445.999 305.38570552033076 319.77309334951974 369.88990957526903 76.34642638008269 79.94327333737994 92.47247739381726
 7509680 256 10989.904 11232.138 12075.901 318.3991124140551 342.31738961896656 349.86257932735356 79.59977810351377 85.57934740474164 87.46564483183839
 8260640 256 11896.849 12495.995 13720.036 308.2679724747078 338.46425834837476 355.5099068669359 77.06699311867695 84.61606458709369 88.87747671673398
 9086640 128 6944.895 7910.013 9721.041 239.29328556478674 294.08040669465396 334.94816552302086 59.823321391196686 73.52010167366349 83.73704138075522
 9995280 128 7468.939 7986.069 8129.12 314.76859487865846 320.4069085804293 342.5910534280706 78.69214871966462 80.10172714510732 85.64776335701765
 10994800 128 8187.056 8422.136 8724.928 322.60080541638854 334.1989253082591 343.7949856456338 80.65020135409713 83.54973132706478 85.94874641140845
 12094240 128 8424.044 8800.03 9772.062 316.8344040387791 351.83123693896493 367.5343386145656 79.20860100969477 87.95780923474123 91.8835846536414
 13303600 128 10556.936 10722.876 11650.801 292.3165196968003 317.6127001748411 322.6051195157383 73.07912992420007 79.40317504371028 80.65127987893457
 14633920 128 10105.848 10337.114 10700.941 350.0891669246658 362.4109707990064 370.7045188093072 87.52229173116645 90.6027426997516 92.6761297023268
 16097280 128 12751.818 12765.169 12957.096 318.0422279807142 322.82405975197037 323.16205265790336 79.51055699517855 80.70601493799259 80.79051316447584
 17706960 64 6371.021 7067.919 7485.867 302.76932251134036 320.673012806174 355.7500249959936 75.69233062783509 80.1682532015435 88.9375062489984
 19477600 64 7166.147 7284.164 7295.132 341.7529388090579 342.2675272001015 347.9042224503628 85.43823470226448 85.56688180002537 86.9760556125907
 21425360 64 7703.066 7810.116 12655.02 216.70815850152744 351.1402493893817 356.0200678535015 54.17703962538186 87.78506234734543 89.00501696337537
 23567840 64 9365.082 9419.918 9716.034 310.4850724071159 320.2451995866631 322.1203530305447 77.62126810177898 80.06129989666577 80.53008825763618
 25924560 64 9936.81 10067.94 10329.962 321.2348390052161 329.59509889808635 333.94456369800776 80.30870975130402 82.39877472452159 83.48614092450194
 28516960 64 11168.003 11317.015 11702.061 311.925470222724 322.5383089091956 326.841860626291 77.981367555681 80.6345772272989 81.71046515657275
 31368640 64 12999.058 13656.139 14034.033 286.10349712017927 294.020580780556 308.8828375102257 71.52587428004482 73.505145195139 77.22070937755643
 34505440 32 7810.116 7884.026 8438.826 261.68902641196775 280.10411939280766 282.7548476872815 65.42225660299194 70.02602984820192 70.68871192182037
 37955920 32 9186.029 9557.962 9619.951 252.51468328684834 254.15238939012312 264.44276193772083 63.128670821712085 63.53809734753078 66.11069048443021
 41751440 32 11565.208 11788.13 11970.997 223.21383590690067 226.6765093360864 231.04575032286493 55.80345897672517 56.6691273340216 57.76143758071623
 45926560 32 12953.043 13417.006 14138.222 207.89741736973716 219.07270817349266 226.91963888331105 51.97435434243429 54.768177043373164 56.72990972082776
 50519200 32 13640.881 14698.982 15483.141 208.8225380108597 219.96277021088946 237.02492529624737 52.20563450271492 54.990692552722365 59.256231324061844
 55571120 32 16836.166 16947.985 17450.094 203.81275195423018 209.85100470645918 211.2447501408575 50.953187988557545 52.462751176614795 52.81118753521437
 61128160 32 18330.097 18962.145 19191.027 203.85580406926633 206.31643941125859 213.43052576317518 50.96395101731658 51.579109852814646 53.357631440793796
 67240960 16 10434.151 10494.947 12254.953 175.5788635011493 205.0234955926886 206.21809287598006 43.894715875287325 51.25587389817215 51.554523218995016
 73965040 16 11824.846 12117.863 13321.161 177.6783029647341 195.32167346668302 200.1617002031147 44.41957574118352 48.830418366670756 50.04042505077867
 81361520 16 14681.816 14720.917 15724.897 165.56983743677304 176.8618517446977 177.3328748977647 41.39245935919326 44.215462936174426 44.333218724441174
 89497600 16 15932.798 16916.99 17562.151 163.07360072237162 169.29271696678896 179.75017319619565 40.768400180592906 42.32317924169724 44.93754329904891
 98447360 16 19159.079 19324.78 22648.096 139.09847079418947 163.01947654772783 164.42938201778904 34.77461769854737 40.75486913693196 41.10734550444726
 108292080 16 19833.803 21207.094 24815.083 139.64678498153725 163.4050643619536 174.71921849783422 34.91169624538431 40.8512660904884 43.679804624458555
 119121280 16 23813.963 25862.932 32949.924 115.68709414929151 147.38781202378755 160.06915606612807 28.921773537322878 36.84695300594689 40.01728901653202
 131033360 16 24582.863 25520.802 27076.96 154.85739610355074 164.2999902589268 170.5687217961553 38.714349025887685 41.0749975647317 42.642180449038825
 144136640 8 14443.874 15298.843 20663.023 111.60933421987673 150.74252608514252 159.6653529378614 27.902333554969182 37.68563152128563 39.91633823446535
 158550240 8 15297.174 15564.203 17705.917 143.2743551209463 162.98963975219291 165.83480321267183 35.818588780236574 40.74740993804823 41.45870080316796
 174405200 8 16714.811 17627.001 18592.834 150.08380110315622 158.30731501064759 166.94673963109722 37.520950275789055 39.576828752661896 41.736684907774304
 191845680 8 18615.007 19165.993 20429.85 150.24735277057835 160.15506631980926 164.89549963639547 37.561838192644586 40.038766579952316 41.22387490909887
 211030240 8 19645.214 20563.841 24008.989 140.63415331649324 164.19519291167444 171.87310049154974 35.15853832912331 41.04879822791861 42.968275122887434
 232133200 8 21513.939 22380.114 30716.181 120.91774039227077 165.95675964831992 172.6383625053506 30.229435098067693 41.48918991207998 43.15959062633765
 255346480 8 24425.03 27240.992 32073.975 127.37877609494926 149.9777864183507 167.26872720320097 31.844694023737315 37.49444660458767 41.81718180080024
 280881120 4 14074.087 15341.997 15549.898 144.50570415317193 146.46391600780524 159.65859526092171 36.12642603829298 36.61597900195131 39.91464881523043
 308969200 4 14460.087 17342.091 17691.851 139.7114185508345 142.52915637451102 170.93628828097647 34.92785463770863 35.632289093627755 42.73407207024412
 339866080 4 16613.007 19018.173 20985.126 129.56456110866336 142.96476533261108 163.66264337335195 32.39114027716584 35.74119133315277 40.91566084333799
 373852640 4 17670.87 21191.12 24721.146 120.98230073961783 141.1355850941338 169.25149242793367 30.245575184904457 35.28389627353345 42.31287310698342
 411237840 4 19805.908 22243.023 23633.003 139.20798469834747 147.90717610641323 166.10713934448248 34.80199617458687 36.97679402660331 41.52678483612062
 452361600 4 23328.066 24617.91 26051.044 138.9154615070321 147.00243846857836 155.13042529972267 34.72886537675802 36.75060961714459 38.78260632493067
 497597760 4 24570.942 26607.037 27151.108 146.61582429711524 149.61388147052978 162.01178123329584 36.65395607427881 37.403470367632444 40.50294530832396
 547357520 2 14024.019 14195.919 14408.112 151.95815246300143 154.2295416027663 156.12001666569336 37.989538115750356 38.55738540069157 39.03000416642334
 602093200 2 14175.892 15062.809 15310.049 157.3066683196115 159.88869008429967 169.89215211289704 39.326667079902876 39.97217252107492 42.47303802822426
 662302480 2 15487.909 16907.93 17586.946 150.63501758633933 156.68446226119931 171.05019922314887 37.65875439658483 39.17111556529983 42.762549805787216
 728532720 2 18157.959 19192.934 19502.878 149.42055628917947 151.83352790146623 160.48779931709288 37.35513907229487 37.95838197536656 40.12194982927322
 801385920 2 19093.99 20191.908 21193.981 151.2478321085595 158.75387704817197 167.88233784557337 37.81195802713987 39.68846926204299 41.970584461393344
 881524480 2 23504.019 24470.091 29599.905 119.12531205758938 144.09827572770368 150.0210632062542 29.781328014397346 36.02456893192592 37.50526580156355
 969676880 2 23688.078 25396.824 27950.048 138.7728393167697 152.7241169998264 163.74091304495028 34.693209829192426 38.1810292499566 40.93522826123757
 1066644560 2 25995.97 27938.843 28913.975 147.5611098093569 152.7113431289907 164.12460239029357 36.89027745233923 38.177835782247676 41.031150597573394
 1173308960 1 14128.923 14774.084 14890.909 157.58728496695534 158.8333950179246 166.08611427778322 39.396821241738834 39.70834875448115 41.521528569445806
 1290639840 1 15403.032 15801.191 16679.049 154.76180206677253 163.35981762387408 167.58256945775355 38.69045051669313 40.83995440596852 41.89564236443839
 1419703760 1 16815.901 17863.989 30730.963 92.39565710973652 158.94588381128088 168.85253546628277 23.09891427743413 39.73647095282022 42.21313386657069
 1561674080 1 18167.019 19385.815 22155.046 140.97683028958733 161.11513289485123 171.92408727045424 35.24420757239683 40.27878322371281 42.98102181761356
 1717841440 1 20817.041 40416.956 43092.966 79.72723158577666 85.00597818400773 165.04184624510273 19.931807896444166 21.251494546001933 41.26046156127568
 1889625520 1 23061.037 26397.943 35185.099 107.41055581511934 143.16460339352957 163.88035976005764 26.852638953779834 35.791150848382394 40.97008994001441
 2078588000 1 26618.958 31688.929 36678.076 113.34225928317503 131.18701487197626 156.1735061154535 28.335564820793756 32.796753717994065 39.04337652886338
 
META_DATA
 FLOPS          4
 OPENMP_THREADS 10
 ERT_VERSION  1.1.0
 HOSTNAME  Rezas-MacBook-Pro.local
 UNAME  uname_result(system='Darwin', node='Rezas-MacBook-Pro.local', release='21.6.0', version='Darwin Kernel Version 21.6.0: Wed Aug 10 14:28:23 PDT 2022; root:xnu-8020.141.5~2/RELEASE_ARM64_T6000', machine='arm64')
 TIMESTAMP_DATA  1705698087.790196
 CONFIG  {'ERT_RESULTS': ['Results.MyMacBookPro'], 'ERT_DRIVER': ['driver1'], 'ERT_KERNEL': ['kernel1'], 'ERT_MPI': ['False'], 'ERT_OPENMP': ['True'], 'ERT_OPENMP_CFLAGS': ['-Xpreprocessor', '-fopenmp', '-I/opt/homebrew/opt/libomp/include'], 'ERT_OPENMP_LDFLAGS': ['-L/opt/homebrew/opt/libomp/lib', '-lomp'], 'ERT_FLOPS': ['1,2,4,8,16'], 'ERT_ALIGN': ['32'], 'ERT_CC': ['clang'], 'ERT_CFLAGS': ['-O3', '-std=c++11', '-Xpreprocessor', '-fopenmp', '-I/opt/homebrew/opt/libomp/include'], 'ERT_LD': ['clang'], 'ERT_LDFLAGS': ['-L/opt/homebrew/opt/libomp/lib', '-lomp', '-lc++'], 'ERT_LDLIBS': [], 'ERT_PRECISION': ['FP64'], 'ERT_RUN': ['export', 'OMP_NUM_THREADS=ERT_OPENMP_THREADS;', './ERT_CODE'], 'ERT_PROCS_THREADS': ['1-10'], 'ERT_OPENMP_THREADS': ['1,2,4,8,10'], 'ERT_NUM_EXPERIMENTS': ['3'], 'ERT_MEMORY_MAX': ['2147483648', '#', 'Adjusted', 'to', '2GB,', 'consider', 'your', "system's", 'RAM'], 'ERT_WORKING_SET_MIN': ['1'], 'ERT_TRIALS_MIN': ['1'], 'ERT_GNUPLOT': ['gnuplot'], 'ERT_GPU': [False], 'ERT_HIP': [False], 'ERT_OCL': [False], 'ERT_SYCL': [False], 'ERT_WSS_MULT': [1.1]}
 TIMESTAMP_DATA  1705698097.540527
 TIMESTAMP_DATA  1705698109.179306
 