fp64
 80 16777216 237812.042 255939.96 356969.118 7.519850946882189 10.488219815303559 11.287715026642765 3.7599254734410943 5.244109907651779 5.643857513321382
 160 8388608 140738.964 153015.852 186745.882 14.374370836193325 17.54298345507366 19.073286343076962 7.187185418096663 8.77149172753683 9.536643171538481
 240 8388608 179555.893 192755.938 256395.817 15.704358546535879 20.889275224299446 22.42494953925015 7.852179273267939 10.444637612149723 11.212474769625075
 320 4194304 122168.064 123093.128 182109.118 14.740363302402026 21.807509514259806 21.97263730069423 7.370181651201013 10.903754757129903 10.986318650347116
 400 4194304 144659.042 179605.007 243977.07 13.753108847483084 18.682347758823894 23.19553035613218 6.876554423741542 9.341173879411947 11.59776517806609
 480 4194304 143579.96 162425.041 229328.156 17.557948008791385 24.790092803485884 28.043828957745916 8.778974004395693 12.395046401742942 14.021914478872958
 560 2097152 76140.881 99611.998 109264.851 21.49648508649868 23.57959168733871 30.84821464043738 10.74824254324934 11.789795843669355 15.42410732021869
 640 2097152 38146.019 41910.887 50021.887 53.66360049551909 64.0490992233116 70.3705034069217 26.831800247759546 32.0245496116558 35.18525170346085
 720 2097152 37328.959 42279.959 49294.949 61.26183191709966 71.42624901788574 80.8996275518961 30.63091595854983 35.71312450894287 40.44981377594805
 800 2097152 42880.058 44850.826 50771.952 66.08852068559429 74.81340923353339 78.25183445414183 33.044260342797145 37.406704616766696 39.125917227070914
 880 2097152 52896.976 55192.947 56340.933 65.51165065015874 66.8742605826067 69.77690974243971 32.75582532507937 33.43713029130335 34.88845487121986
 960 2097152 63465.118 65000.057 72367.907 55.63974428609631 61.94658936991393 63.444801914651755 27.819872143048155 30.973294684956965 31.722400957325878
 1040 1048576 46259.88 49827.099 53858.042 40.49605219588191 43.77212648884094 47.14750838091236 20.248026097940954 21.88606324442047 23.57375419045618
 1120 1048576 49989.939 51910.162 57495.832 40.85183496431533 45.24759988227354 46.98565925435517 20.425917482157665 22.62379994113677 23.492829627177585
 1200 1048576 46414.137 49442.053 54543.018 46.139405047223455 50.89963396139719 54.220170031385045 23.069702523611728 25.449816980698596 27.110085015692523
 1280 1048576 22897.959 25228.977 26100.159 102.84820716992567 106.39965940751384 117.23117156424291 51.424103584962836 53.19982970375692 58.61558578212146
 1360 1048576 24708.033 26403.189 29196.978 97.6856824017883 108.02205445713395 115.43317592298827 48.84284120089415 54.011027228566974 57.716587961494135
 1440 1048576 24405.003 26439.905 27430.058 110.09451310675318 114.21746333808689 123.74097556964037 55.04725655337659 57.10873166904344 61.870487784820185
 1520 1048576 23587.942 25264.025 25417.089 125.41448157182752 126.17431466284567 135.13985408307346 62.70724078591376 63.08715733142284 67.56992704153673
 1600 1048576 34719.944 35971.165 38975.954 86.09008518431646 93.2814714230134 96.64310518473185 43.04504259215823 46.6407357115067 48.321552592365926
 1760 1048576 38646.936 38756.132 56856.871 64.91717632509183 95.23622016768857 95.50530784639693 32.458588162545915 47.618110083844286 47.752653923198466
 1920 1048576 23756.027 30697.823 35585.88 113.14970544496862 131.16669022425467 169.49517021512057 56.57485272248431 65.58334511212733 84.74758510756028
 2080 524288 15526.056 16233.921 16541.004 131.8564507934343 134.35066488250126 140.47598952367557 65.92822539671715 67.17533244125063 70.23799476183778
 2240 524288 15877.962 16031.027 17205.0 136.51904911362976 146.5165170016868 147.92894957173976 68.25952455681488 73.2582585008434 73.96447478586988
 2400 524288 18368.006 19098.997 20215.988 124.48475929051797 131.76516023328344 137.00901447876268 62.242379645258985 65.88258011664172 68.50450723938134
 2640 524288 15349.865 15614.986 16752.005 165.24831744021088 177.2810196563737 180.34299585045213 82.62415872010544 88.64050982818685 90.17149792522606
 2880 524288 17889.023 18179.893 20493.031 147.36223645979945 166.1120271719971 168.8129575326724 73.68111822989972 83.05601358599856 84.4064787663362
 3120 524288 19811.153 20310.879 22413.015 145.9668464952172 161.07412781101203 165.13713866123797 72.9834232476086 80.53706390550602 82.56856933061898
 3360 524288 21009.922 22156.954 25652.885 137.34187636205442 159.0117197517312 167.69292908369673 68.67093818102721 79.5058598758656 83.84646454184836
 3680 524288 21425.009 22116.899 23084.164 167.16046896911666 174.471099225981 180.10539365467713 83.58023448455833 87.2355496129905 90.05269682733856
 4000 524288 18179.893 21008.968 21185.875 197.97643477080837 199.64350462145498 230.711148849996 98.98821738540418 99.82175231072749 115.355574424998
 4400 262144 12614.965 14169.931 15711.069 146.83069624352103 162.80017171572678 182.86750696494204 73.41534812176052 81.40008585786339 91.43375348247102
 4800 262144 13853.073 15317.202 15671.015 160.58834734061577 164.2977875463156 181.66239360754108 80.29417367030788 82.1488937731578 90.83119680377054
 5280 262144 13219.118 16562.939 17085.075 162.02683570309173 167.1346274957603 209.41190176228096 81.01341785154587 83.56731374788015 104.70595088114048
 5760 262144 15139.103 17174.959 17337.084 174.18724394482948 175.83150445948664 199.47673782257775 87.09362197241474 87.91575222974332 99.73836891128887
 6320 262144 17260.075 19523.859 19781.828 167.50222274705854 169.715431769918 191.97484136077043 83.75111137352927 84.857715884959 95.98742068038521
 6880 262144 19613.028 19675.97 22286.892 161.84856282338515 183.32521547857615 183.91354155003503 80.92428141169258 91.66260773928808 91.95677077501752
 7520 262144 18774.033 20730.972 25478.125 154.7463072733963 190.18142323476198 210.00526418591042 77.37315363669815 95.09071161738099 105.00263209295521
 8240 131072 11126.995 11174.917 13978.004 154.5332624028438 193.29598242206185 194.1284740399362 77.2666312014219 96.64799121103093 97.0642370199681
 9040 131072 12273.073 12342.93 13357.878 177.40705222790626 191.99507410315053 193.08788923523878 88.70352611395313 95.99753705157526 96.54394461761939
 9920 131072 14698.029 15223.026 27377.844 94.98441440458204 170.8246757247869 176.92634025963616 47.49220720229102 85.41233786239346 88.46317012981808
 10880 131072 15593.052 15924.931 17397.881 163.93529303942242 179.09821524501425 182.91010124252776 81.96764651971121 89.54910762250712 91.45505062126388
 11920 131072 16658.068 16771.078 16923.904 184.63567744180065 186.3181651173526 187.58216619118136 92.31783872090033 93.1590825586763 93.79108309559068
 13040 131072 16650.915 18006.086 19376.04 176.42189838584147 189.8445758839539 205.29549036794674 88.21094919292074 94.92228794197695 102.64774518397337
 14320 131072 18924.952 19855.976 21082.878 178.05453695648194 189.0565379410209 198.35728407659897 89.02726847824097 94.52826897051045 99.17864203829949
 15680 131072 19412.994 20578.146 21013.975 195.60401685069104 199.7467565834162 211.7353933143955 97.80200842534552 99.8733782917081 105.86769665719775
 17200 65536 11190.891 12071.848 12463.093 180.88915809261792 186.75172185733288 201.45298528955382 90.44457904630896 93.37586092866644 100.72649264477691
 18880 65536 13426.065 13430.119 18419.027 134.3523390242058 184.26041943485384 184.31605686401784 67.1761695121029 92.13020971742692 92.15802843200892
 20720 65536 13341.904 14251.947 16684.055 162.77888319116667 190.55725087947633 203.5550428184763 81.38944159558334 95.27862543973816 101.77752140923815
 22720 65536 11837.959 15408.993 22567.987 131.95487218244142 193.26089900878011 251.5599048788731 65.97743609122071 96.63044950439006 125.77995243943656
 24960 65536 16808.033 19978.046 21016.121 155.66893243524817 163.75761273149539 194.64247363150704 77.83446621762408 81.87880636574769 97.32123681575352
 27440 65536 18637.896 18716.812 22270.918 161.4938225716605 192.15963060375879 192.973266939573 80.74691128583025 96.07981530187939 96.4866334697865
 30160 65536 20396.948 20701.885 25887.012 152.70713823596174 190.9551482872212 193.80995235169496 76.35356911798087 95.4775741436106 96.90497617584748
 33120 32768 10922.194 12181.044 16065.121 135.10961542088606 178.1909924962097 198.72859976667692 67.55480771044303 89.09549624810485 99.36429988333846
 36400 32768 12362.003 12485.027 15172.005 157.23105812316828 191.0697029329612 192.97118759799685 78.61552906158414 95.5348514664806 96.48559379899842
 40000 32768 12110.949 14089.108 16208.887 161.72856285567295 186.06145967509087 216.45207159240783 80.86428142783647 93.03072983754544 108.22603579620392
 44000 32768 15470.982 21203.041 22500.038 128.15907244245543 135.99860510574874 186.38661721667054 64.07953622122771 67.99930255287437 93.19330860833527
 48400 32768 14621.019 17097.95 18117.189 175.07916929055605 185.51594781830568 216.94400369769028 87.53958464527803 92.75797390915284 108.47200184884514
 53200 32768 16918.898 18524.17 25871.992 134.7602148299984 188.21438153504315 206.07223945673056 67.3801074149992 94.10719076752157 103.03611972836528
 58480 32768 19877.195 20955.086 23061.991 166.18449291737215 182.8933214590482 192.8111728038086 83.09224645868608 91.4466607295241 96.4055864019043
 64320 32768 20539.999 20937.204 27684.927 152.2588634602504 201.32943825737186 205.22277143246208 76.1294317301252 100.66471912868593 102.61138571623104
 70720 16384 11999.846 13111.115 13733.149 168.74155810877753 176.74720723599785 193.11522497872056 84.37077905438876 88.37360361799892 96.55761248936028
 77760 16384 11989.117 13665.915 15753.984 161.73938478038318 186.45218267492515 212.52938644272135 80.86969239019159 93.22609133746258 106.26469322136067
 85520 16384 13689.041 15994.072 17665.863 158.62906669207158 175.20987525878334 204.71261354246803 79.31453334603579 87.60493762939167 102.35630677123402
 94000 16384 15192.032 16097.069 21682.024 142.0620141366876 191.35110870183883 202.75049446973256 71.0310070683438 95.67555435091941 101.37524723486628
 103360 16384 17210.007 17674.923 18833.876 179.83024205957395 191.62179546694492 196.79832088389037 89.91512102978697 95.81089773347246 98.39916044194518
 113680 16384 18818.14 18872.976 20134.926 185.0052113427186 197.37566772723073 197.9508197940923 92.5026056713593 98.68783386361537 98.97540989704615
 125040 16384 19840.002 20534.992 24724.96 165.71556516168278 199.5282355113652 206.51765660104272 82.85778258084139 99.7641177556826 103.25882830052136
 137520 8192 11836.052 12600.899 14484.167 155.5579744420235 178.80689941249432 190.36142119010628 77.77898722101175 89.40344970624716 95.18071059505314
 151200 8192 11466.98 13003.111 15466.928 160.16501790142166 190.51293186684322 216.0342827841332 80.08250895071083 95.25646593342161 108.0171413920666
 166320 8192 14168.024 14487.028 15600.92 174.66834520015485 188.0984063812122 192.333587238418 87.33417260007742 94.0492031906061 96.166793619209
 182880 8192 18293.142 24049.044 25318.861 118.34284014592916 124.59147731610453 163.79394638712148 59.17142007296458 62.295738658052265 81.89697319356074
 201120 8192 15761.137 18284.082 18437.147 178.72342613529088 180.21960741589322 209.06804375851817 89.36171306764544 90.10980370794661 104.53402187925909
 221200 8192 17590.046 19006.968 19824.028 182.81556099497038 190.67432533163628 206.03361696723252 91.40778049748519 95.33716266581814 103.01680848361626
 243280 8192 20134.926 20304.918 25732.994 154.89451091466466 196.30217270515445 197.95948194694134 77.44725545733233 98.15108635257722 98.97974097347067
 267600 4096 11543.036 11653.9 18559.217 118.1180865550524 188.10691699774324 189.91357213128333 59.0590432775262 94.05345849887162 94.95678606564167
 294320 4096 10989.189 12324.095 13134.003 183.5746070714313 195.63866068867532 219.40376491841207 91.78730353571565 97.81933034433766 109.70188245920603
 323680 4096 12707.949 14914.036 15520.096 170.8485926891174 177.79134769421236 208.65574452651643 85.4242963445587 88.89567384710618 104.32787226325821
 356000 4096 14107.943 15143.871 16822.1 173.36432431147122 192.5763894845644 206.71702458678774 86.68216215573561 96.2881947422822 103.35851229339387
 391600 4096 15254.021 15965.939 16822.1 190.70075674261832 200.92693577245907 210.30436499333516 95.35037837130916 100.46346788622954 105.15218249666758
 430720 4096 16654.015 18730.879 22589.922 156.1961232092789 188.3765433538917 211.86832364447855 78.09806160463945 94.18827167694585 105.93416182223928
 473760 4096 19227.982 20064.831 20223.141 191.9109360904916 193.4250988707555 201.8434342199821 95.9554680452458 96.71254943537775 100.92171710999105
 521120 4096 18918.991 20311.832 21409.988 199.39362133224924 210.17380608504445 225.6470781132038 99.69681066612462 105.08690304252222 112.8235390566019
 573200 2048 10828.018 11361.837 18624.067 126.06415129412926 206.64151404389975 216.828897033603 63.03207564706463 103.32075702194987 108.4144485168015
 630480 2048 13542.891 15890.121 24020.195 107.5114535914467 162.51896886121887 190.68647011926774 53.75572679572335 81.25948443060943 95.34323505963387
 693520 2048 14544.964 14835.835 17997.98 157.83204115128476 191.4727361149541 195.3018185538307 78.91602057564238 95.73636805747705 97.65090927691536
 762800 2048 13305.902 16328.096 18204.927 171.6254506266353 191.35291708231014 234.81525716933734 85.81272531331766 95.67645854115507 117.40762858466867
 839040 2048 16370.058 17518.997 21498.919 159.8549136354251 196.1703538164885 209.93864774333724 79.92745681771255 98.08517690824425 104.96932387166862
 922880 2048 19289.017 19912.958 19955.873 189.42375911091438 189.8319918115631 195.97247905375374 94.71187955545719 94.91599590578156 97.98623952687687
 1015120 2048 17786.026 22436.142 24002.075 173.2321693020291 185.32292762276154 233.77518508069195 86.61608465101455 92.66146381138077 116.88759254034598
 1116560 1024 12034.893 12529.135 13381.958 170.88044066496096 182.51179191540356 190.00708024574877 85.44022033248048 91.25589595770178 95.00354012287438
 1228160 1024 11895.895 12187.958 13329.983 188.69278978075218 206.37351064058475 211.44030608878106 94.34639489037609 103.18675532029238 105.72015304439053
 1350960 1024 12439.013 13653.994 14559.984 190.02535167621065 202.63419480043714 222.42649637877216 95.01267583810532 101.31709740021857 111.21324818938608
 1486000 1024 14384.031 15460.014 15623.093 194.79676655576458 196.8515681809861 211.57685213553833 97.39838327788229 98.42578409049305 105.78842606776917
 1634560 1024 16422.987 17392.159 17644.882 189.71953907087618 192.47632683210864 203.83495889024329 94.85976953543809 96.23816341605432 101.91747944512164
 1798000 1024 17318.964 18922.806 19042.969 193.36816648706406 194.59608685942243 212.61687477380286 96.68408324353203 97.29804342971121 106.30843738690143
 1977760 1024 20240.068 21399.975 23789.883 170.25945356687964 189.27370148796902 200.1204976188815 85.12972678343982 94.63685074398451 100.06024880944075
 2175520 512 10999.918 11556.864 14267.921 156.13574535491188 192.76271486797802 202.52264425971174 78.06787267745594 96.38135743398901 101.26132212985587
 2393040 512 12932.062 12959.003 14358.044 170.66899641761788 189.0942505376378 189.48818525614863 85.33449820880894 94.5471252688189 94.74409262807431
 2632320 512 13360.977 15092.85 18718.004 144.00550827962212 178.594213816476 201.74390540452242 72.00275413981106 89.297106908238 100.87195270226121
 2895520 512 14352.798 15143.156 15894.89 186.53872282224037 195.79884668691253 206.5807990887909 93.26936141112019 97.89942334345626 103.29039954439546
 3185040 512 16491.89 17050.028 18440.962 176.86067353753023 191.28889172498722 197.76271609864003 88.43033676876512 95.64444586249361 98.88135804932001
 3503520 512 18656.969 19138.813 21626.949 165.88583438190935 187.45177561429753 192.29299678849225 82.94291719095467 93.72588780714877 96.14649839424612
 3853840 512 17685.175 18002.987 18297.911 215.6711856342508 219.2042998198021 223.14351766380597 107.8355928171254 109.60214990990104 111.57175883190298
 4239200 256 10189.056 11024.952 13859.987 156.59974284247167 196.86892060845256 213.01977337252833 78.29987142123584 98.43446030422628 106.50988668626417
 4663120 256 11219.025 12510.061 13349.056 178.852904654831 190.84778563429867 212.80970850853797 89.4264523274155 95.42389281714934 106.40485425426898
 5129360 256 10267.019 13385.057 15722.036 167.04149004620012 196.20628586041883 255.79307099753103 83.52074502310006 98.10314293020942 127.89653549876552
 5642240 256 14415.979 14881.849 15947.104 181.15056376380312 194.11747021489063 200.39061377656003 90.57528188190156 97.05873510744532 100.19530688828002
 6206400 256 16651.869 16719.818 18715.143 169.79174564682728 190.05450896654497 190.8300383578564 84.89587282341364 95.02725448327249 95.4150191789282
 6827040 256 16269.207 17879.963 19057.035 183.42016373480976 195.49506226606846 214.85032921395614 91.71008186740488 97.74753113303423 107.42516460697807
 7509680 256 19204.855 19855.022 23533.106 163.38498454050224 193.65156885749107 200.20750794525657 81.69249227025112 96.82578442874554 100.10375397262828
 8260640 256 20417.929 21053.791 21713.972 194.780009848037 200.88770141206396 207.1438136551459 97.3900049240185 100.44385070603198 103.57190682757295
 9086640 128 12212.038 13133.049 14632.94 158.96872672203943 177.12412707818268 190.48252552112925 79.48436336101972 88.56206353909134 95.24126276056462
 9995280 128 12944.937 14128.923 14503.956 176.42025941060496 181.10309469447884 197.6673721934684 88.21012970530248 90.55154734723942 98.8336860967342
 10994800 128 14758.11 15091.896 18554.926 151.6938844164617 186.50200080891096 190.72013963847675 75.84694220823086 93.25100040445548 95.36006981923838
 12094240 128 15783.072 17933.13 22078.037 140.2355399621805 172.64835753713933 196.16747867588768 70.11776998109025 86.32417876856967 98.08373933794384
 13303600 128 17539.978 18277.884 18630.028 182.8081847219983 186.33019008108383 194.16909188825667 91.40409236099914 93.16509504054191 97.08454594412834
 14633920 128 17606.974 19577.98 20085.096 186.5205682860565 191.35189227897874 212.7727069966708 93.26028414302824 95.67594613948937 106.3863534983354
 16097280 128 20707.13 21435.022 30113.935 136.84374625899935 192.25096573262203 199.00892494517586 68.42187312949967 96.12548286631102 99.50446247258793
 17706960 64 10618.21 11038.065 18029.928 125.70715091041961 205.33407621716307 213.45319785538243 62.85357545520981 102.66703810858154 106.72659892769121
 19477600 64 11832.952 11914.968 13964.176 178.53776692588235 209.24376800676256 210.694068563787 89.26888346294118 104.62188400338128 105.3470342818935
 21425360 64 12837.172 14037.848 14925.003 183.74844413766616 195.36086157935318 213.63319584718502 91.87422206883308 97.68043078967659 106.81659792359251
 23567840 64 14415.979 16184.807 16647.1 181.21375614971979 186.389835850375 209.25970549762872 90.60687807485989 93.1949179251875 104.62985274881436
 25924560 64 15429.974 15524.149 18479.109 179.57270991799442 213.75366082868698 215.0582807203693 89.78635495899721 106.87683041434349 107.52914036018466
 28516960 64 18582.106 19404.888 20609.14 177.11417749600423 188.10574325396777 196.43472489070936 88.55708874800212 94.05287162698389 98.21736244535468
 31368640 64 17274.141 20210.028 20727.158 193.7161824115009 198.67295186330276 232.4391076812445 96.85809120575045 99.33647593165138 116.21955384062225
 34505440 32 10760.069 12161.016 13482.094 163.7986027986454 181.59240642393695 205.23550174260035 81.8993013993227 90.79620321196847 102.61775087130017
 37955920 32 13007.879 13545.99 14848.948 163.5926585506259 179.32826467463804 186.74673096205768 81.79632927531296 89.66413233731902 93.37336548102884
 41751440 32 15295.029 15427.113 15709.162 170.09768948846542 173.20753144156006 174.70330785250556 85.04884474423271 86.60376572078003 87.35165392625278
 45926560 32 16092.777 17379.045 22548.914 130.35216862328713 169.12896191936898 182.6471490905516 65.17608431164356 84.56448095968449 91.3235745452758
 50519200 32 17943.859 19159.794 21512.032 150.2986235795856 168.7507078625167 180.18581175877497 75.1493117897928 84.37535393125835 90.09290587938749
 55571120 32 19579.887 20051.956 20496.845 173.51703054787214 177.36682047377323 181.6431157135892 86.75851527393607 88.68341023688662 90.8215578567946
 61128160 32 21192.074 21741.152 22501.23 173.86615042822103 179.94456963458055 184.60686009307062 86.93307521411052 89.97228481729027 92.30343004653531
 67240960 16 11966.944 12670.994 27158.022 79.22928702244957 169.81388516165345 179.8045282070343 39.614643511224784 84.90694258082672 89.90226410351715
 73965040 16 13637.066 14634.132 19102.097 123.90688205593342 161.73704596897173 173.56235424834048 61.95344102796671 80.86852298448586 86.78117712417024
 81361520 16 16724.11 17990.112 19273.043 135.08861262852992 144.7222029523774 155.67756012128598 67.54430631426496 72.3611014761887 77.83878006064299
 89497600 16 18306.017 18838.882 19197.941 149.1786645244925 152.02192996378446 156.44709605590336 74.58933226224624 76.01096498189223 78.22354802795168
 98447360 16 20463.943 20807.981 21713.972 145.0824160591162 151.39938468801947 153.94469775448457 72.5412080295581 75.69969234400973 76.97234887724228
 108292080 16 22543.907 23983.955 24075.985 143.93373978260908 144.48603493460524 153.71543894321425 71.96686989130454 72.24301746730262 76.85771947160713
 119121280 16 24595.022 25958.776 28028.011 136.00254973497763 146.84363238081792 154.98587315758448 68.00127486748882 73.42181619040896 77.49293657879224
 131033360 16 26277.065 33967.972 40631.056 103.19858583050363 123.44179746733187 159.57137983256501 51.599292915251816 61.72089873366593 79.78568991628251
 144136640 8 16518.116 17602.205 20186.901 114.2417174384518 131.01689475835553 139.61557359204886 57.1208587192259 65.50844737917777 69.80778679602443
 158550240 8 17686.129 19138.813 20498.991 123.75261982406842 132.5476057475456 143.4346566170585 61.87630991203421 66.2738028737728 71.71732830852925
 174405200 8 18769.026 19436.836 20487.07 136.20704180734484 143.5667410066124 148.67490726476697 68.10352090367242 71.7833705033062 74.33745363238349
 191845680 8 21392.107 22584.915 34408.808 89.20770751488979 135.91066780636544 143.48894571254715 44.603853757444895 67.95533390318272 71.74447285627357
 211030240 8 23534.06 24007.082 25741.1 131.1709227655384 140.6453245754732 143.47222026288705 65.5854613827692 70.3226622877366 71.73611013144352
 232133200 8 23077.011 24470.806 27839.184 133.41379546182102 151.77804932130147 160.94507213260854 66.70689773091051 75.88902466065073 80.47253606630427
 255346480 8 26232.004 29722.929 30353.785 134.59750340855348 137.4542757882307 155.74653312800652 67.29875170427674 68.72713789411534 77.87326656400326
 280881120 4 16344.07 16644.001 17840.147 125.95462133804165 135.00653839182058 137.48405140212932 62.977310669020824 67.50326919591029 68.74202570106466
 308969200 4 16383.886 16978.979 17255.068 143.24797792741242 145.57728117809677 150.86491690677047 71.62398896370621 72.78864058904838 75.43245845338524
 339866080 4 18579.006 18779.039 20335.913 133.70083949513355 144.78529172871944 146.3441391859177 66.85041974756678 72.39264586435972 73.17206959295885
 373852640 4 19279.957 20533.085 20983.934 142.52909487801475 145.65863434549655 155.12592273935053 71.26454743900737 72.82931717274828 77.56296136967526
 411237840 4 21169.901 22206.068 25248.051 130.30323489127935 148.15332097514968 155.40472862863174 65.15161744563967 74.07666048757484 77.70236431431587
 452361600 4 23758.888 24459.124 25290.966 143.09033510226536 147.95676247440423 152.3174316912475 71.54516755113268 73.97838123720211 76.15871584562375
 497597760 4 23978.949 25874.853 26087.999 152.59054862735925 153.84752446709552 166.01153286576488 76.29527431367963 76.92376223354776 83.00576643288244
 547357520 2 14591.932 15927.076 15936.852 137.3815907934641 137.46591527534625 150.0438790421995 68.69079539673206 68.73295763767312 75.02193952109975
 602093200 2 15756.13 17174.006 17464.161 137.9037217991749 140.233606533036 152.85306734585205 68.95186089958744 70.116803266518 76.42653367292603
 662302480 2 17155.17 17667.055 18934.011 139.91805117256985 149.95198237623646 154.42632862280004 69.95902558628492 74.97599118811823 77.21316431140002
 728532720 2 19680.023 20345.211 20431.995 142.62586105762068 143.23424220078132 148.07558304174745 71.31293052881034 71.61712110039066 74.03779152087372
 801385920 2 19561.052 20758.152 22462.13 142.70880277159824 154.4233648544437 163.87378756520866 71.35440138579912 77.21168242722185 81.93689378260433
 881524480 2 22824.049 23263.931 24375.916 144.6549914267837 151.56930786976628 154.49046398384442 72.32749571339185 75.78465393488314 77.24523199192221
 969676880 2 24696.827 24953.842 27681.828 140.11746334093252 155.43528407369092 157.05286837049957 70.05873167046626 77.71764203684546 78.52643418524978
 1066644560 2 26630.878 27902.126 28045.177 152.13233419778382 152.9122992276646 160.21170011743513 76.06616709889191 76.4561496138323 80.10585005871756
 1173308960 1 15973.091 16106.129 18934.965 123.9304070538287 145.6972013573218 146.91069624532906 61.96520352691435 72.8486006786609 73.45534812266453
 1290639840 1 16137.838 17395.973 17760.992 145.33420655783192 148.3837483537138 159.952013398573 72.66710327891596 74.1918741768569 79.9760066992865
 1419703760 1 17956.972 19787.073 20828.009 136.32640162581072 143.49810707222844 158.1228461012246 68.16320081290536 71.74905353611422 79.0614230506123
 1561674080 1 19572.973 20779.133 21017.075 148.6100306536471 150.31176517326298 159.57453985145742 74.30501532682355 75.15588258663149 79.78726992572871
 1717841440 1 25008.917 25197.029 28304.815 121.38156988484116 136.35269777242388 137.3783151025692 60.69078494242058 68.17634888621194 68.6891575512846
 1889625520 1 24532.08 24682.045 27117.968 139.36335642847578 153.1174195655182 154.05342881647215 69.68167821423789 76.5587097827591 77.02671440823607
 2078588000 1 25696.039 29040.813 35900.116 115.79840020572634 143.14943593349125 161.78275570020733 57.89920010286317 71.57471796674562 80.89137785010367
 
META_DATA
 FLOPS          8
 OPENMP_THREADS 10
 ERT_VERSION  1.1.0
 HOSTNAME  Rezas-MacBook-Pro.local
 UNAME  uname_result(system='Darwin', node='Rezas-MacBook-Pro.local', release='21.6.0', version='Darwin Kernel Version 21.6.0: Wed Aug 10 14:28:23 PDT 2022; root:xnu-8020.141.5~2/RELEASE_ARM64_T6000', machine='arm64')
 TIMESTAMP_DATA  1705698613.0058508
 CONFIG  {'ERT_RESULTS': ['Results.MyMacBookPro'], 'ERT_DRIVER': ['driver1'], 'ERT_KERNEL': ['kernel1'], 'ERT_MPI': ['False'], 'ERT_OPENMP': ['True'], 'ERT_OPENMP_CFLAGS': ['-Xpreprocessor', '-fopenmp', '-I/opt/homebrew/opt/libomp/include'], 'ERT_OPENMP_LDFLAGS': ['-L/opt/homebrew/opt/libomp/lib', '-lomp'], 'ERT_FLOPS': ['1,2,4,8,16'], 'ERT_ALIGN': ['32'], 'ERT_CC': ['clang'], 'ERT_CFLAGS': ['-O3', '-std=c++11', '-Xpreprocessor', '-fopenmp', '-I/opt/homebrew/opt/libomp/include'], 'ERT_LD': ['clang'], 'ERT_LDFLAGS': ['-L/opt/homebrew/opt/libomp/lib', '-lomp', '-lc++'], 'ERT_LDLIBS': [], 'ERT_PRECISION': ['FP64'], 'ERT_RUN': ['export', 'OMP_NUM_THREADS=ERT_OPENMP_THREADS;', './ERT_CODE'], 'ERT_PROCS_THREADS': ['1-10'], 'ERT_OPENMP_THREADS': ['1,2,4,8,10'], 'ERT_NUM_EXPERIMENTS': ['3'], 'ERT_MEMORY_MAX': ['2147483648', '#', 'Adjusted', 'to', '2GB,', 'consider', 'your', "system's", 'RAM'], 'ERT_WORKING_SET_MIN': ['1'], 'ERT_TRIALS_MIN': ['1'], 'ERT_GNUPLOT': ['gnuplot'], 'ERT_GPU': [False], 'ERT_HIP': [False], 'ERT_OCL': [False], 'ERT_SYCL': [False], 'ERT_WSS_MULT': [1.1]}
 TIMESTAMP_DATA  1705698633.764714
 TIMESTAMP_DATA  1705698646.779702
 