fp64
 32 67108864 308697.939 313169.003 314457.178 13.658353494478032 13.714535138715501 13.91317126999024 0.853647093404877 0.8571584461697188 0.86957320437439
 64 33554432 189929.008 194736.004 203922.987 21.061712361049324 22.055332387327823 22.613540402422363 1.3163570225655827 1.378458274207989 1.4133462751513977
 96 16777216 109395.027 110478.163 126305.103 25.50352595017479 29.157123765716488 29.44581266934556 1.5939703718859244 1.8223202353572805 1.8403632918340975
 128 16777216 146995.783 159196.854 167472.839 25.645754390059633 26.978970928659184 29.218302786277892 1.602859649378727 1.686185683041199 1.8261439241423683
 160 8388608 91008.902 96735.954 133888.006 20.04925340362452 27.74929536540261 29.495516383661016 1.2530783377265324 1.734330960337663 1.8434697739788135
 192 8388608 98324.06 105726.957 111835.003 28.803374485535624 30.46739983257061 32.76131469754199 1.8002109053459765 1.9042124895356631 2.0475821685963744
 224 8388608 106950.045 111522.913 123485.088 30.433604938597927 33.69797544653447 35.1388013347727 1.9021003086623705 2.1061234654084044 2.196175083423294
 256 8388608 38712.978 39566.994 40350.914 106.4403967652381 108.54924425140814 110.94386218492414 6.652524797827382 6.784327765713009 6.933991386557759
 288 4194304 19746.065 20656.109 22080.898 109.41217626203425 116.95906058590221 122.34939487943547 6.838261016377141 7.309941286618888 7.646837179964717
 320 4194304 27624.13 29211.998 31125.069 86.24413202104067 91.89219306395954 97.1742661216842 5.390258251315042 5.743262066497471 6.073391632605262
 352 4194304 35138.845 35445.929 35758.018 82.57700457558917 83.30406620179147 84.0320737918392 5.161062785974323 5.206504137611967 5.25200461198995
 384 4194304 41599.989 49756.05 55763.006 57.76635269626605 64.74037774300814 77.43332509054268 3.610397043516628 4.046273608938009 4.8395828181589176
 416 4194304 48800.945 48882.961 49717.903 70.18922193882554 71.38808404016278 71.50806050989382 4.386826371176596 4.461755252510174 4.469253781868364
 448 4194304 55866.957 56579.828 70860.863 53.034866143247505 66.42113482564847 67.26867876480188 3.314679133952969 4.151320926603029 4.204292422800117
 480 4194304 60603.857 62112.093 71984.053 55.93644247844726 64.82685811279939 66.440191092128 3.496027654902954 4.051678632049962 4.152511943258
 512 4194304 26829.004 27932.167 29496.908 145.60737335587854 153.76419939061657 160.08672166883275 9.100460834742409 9.610262461913536 10.005420104302047
 544 2097152 13432.026 14000.893 18312.931 124.59509490861949 162.9682746664802 169.87023223451175 7.787193431788718 10.185517166655012 10.616889514656984
 576 2097152 12921.095 13252.02 16253.948 148.63583321418278 182.30572425939593 186.97479617633027 9.289739575886424 11.394107766212246 11.685924761020642
 608 2097152 14678.001 15046.12 17084.122 149.26941121118196 169.4880030200477 173.73870133950803 9.329338200698873 10.593000188752981 10.858668833719252
 640 2097152 21001.101 21394.968 22815.943 117.65258004019384 125.46663121907918 127.81970621445039 7.353286252512115 7.8416644511924485 7.9887316384031495
 704 2097152 27786.016 28774.023 29423.952 100.35327735716805 102.61999220616455 106.26892376366585 6.272079834823003 6.413749512885285 6.641807735229116
 768 2097152 16031.981 16228.914 17034.054 189.1050405264654 198.48681630822617 200.9249806371402 11.819065032904087 12.405426019264135 12.557811289821263
 832 2097152 15801.191 16007.9 18139.839 192.37551821711315 217.99617238988253 220.84796823226807 12.023469888569572 13.624760774367658 13.802998014516755
 896 2097152 17221.928 17491.102 18099.07 207.64030328630147 214.85761068685096 218.21577607338736 12.977518955393842 13.428600667928185 13.63848600458671
 960 2097152 21848.917 22159.815 23116.827 174.18185635943894 181.70421729603788 184.28976777201356 10.886366022464934 11.356513581002368 11.518110485750848
 1056 1048576 9891.033 10068.893 10451.078 211.90086917349578 219.94399106237395 223.8990115592578 13.243804323343486 13.746499441398372 13.993688222453612
 1152 1048576 9840.965 9899.855 10432.005 231.58722642483397 244.03580698909226 245.4961585576211 14.474201651552123 15.252237936818267 15.343509909851319
 1248 1048576 11174.917 11501.074 11519.909 227.19326133565812 227.56532963791034 234.2071709346924 14.199578833478633 14.222833102369396 14.637948183418276
 1344 1048576 11147.976 11503.22 18624.067 151.34032153127458 245.0246355368323 252.83264764832646 9.458770095704661 15.31403972105202 15.802040478020404
 1472 1048576 7874.012 8244.991 8774.996 351.79591466480446 374.41008049614607 392.050170103881 21.98724466655028 23.40063003100913 24.50313563149256
 1600 1048576 7334.948 7671.118 7839.918 427.9946805566079 437.41253882419744 457.4597120524917 26.749667534787992 27.33828367651234 28.59123200328073
 1760 1048576 7667.065 7766.008 8383.036 440.2924572911294 475.27475119778404 481.40814248998805 27.518278580695586 29.704671949861503 30.088008905624253
 1920 1048576 7973.194 8307.934 8585.93 468.96863123738484 484.66102884303126 505.00863769274883 29.310539452336553 30.291314302689454 31.563039855796802
 2112 524288 4190.207 4271.03 4652.023 476.0493471334944 518.5148575402187 528.5162551635276 29.7530841958434 32.40717859626367 33.032265947720475
 2304 524288 4241.943 4285.097 4368.067 553.0865492676738 563.7956629686562 569.5312511271367 34.567909329229614 35.23722893554101 35.59570319544604
 2528 524288 5311.966 5650.043 5666.018 467.8418120097748 469.1645936145973 499.02430248988793 29.240113250610925 29.322787100912333 31.189018905617996
 2752 524288 5819.082 5936.861 6011.963 479.98983892615445 486.0617676580267 495.8997230147298 29.999364932884653 30.37886047862667 30.99373268842061
 3008 524288 6198.883 6208.897 6286.86 501.69983234874 507.99950587036636 508.8201548569315 31.35623952179625 31.749969116897898 31.801259678558218
 3296 524288 6669.998 6808.043 7261.992 475.91714449699197 507.6505092579468 518.1570513214547 29.744821531061998 31.728156828621675 32.38481570759092
 3616 524288 6613.016 7014.99 7046.938 538.0565028385379 540.5069452700575 573.3618088932494 33.62853142740862 33.78168407937859 35.83511305582809
 3968 524288 7415.056 7669.926 7674.932 542.1220107227009 542.4758424005655 561.1217997544455 33.88262567016881 33.904740150035344 35.070112484652846
 4352 262144 3919.84 4081.011 4683.018 487.22882893040344 559.101991148762 582.0904363443406 30.451801808150215 34.94387444679762 36.380652271521285
 4768 262144 4495.859 4577.16 4641.056 538.6285328166693 546.1476513820796 556.0239286863756 33.664283301041834 34.13422821137998 34.751495542898475
 5216 262144 4817.009 4940.033 4959.822 551.3678127965076 553.5765060678744 567.7145730888192 34.46048829978172 34.59853162924215 35.4821608180512
 5728 262144 5515.814 5532.98 12278.795 244.57788113573034 542.7674894902927 544.4566593434804 15.286117570983146 33.9229680931433 34.028541208967525
 6272 262144 5872.965 5938.053 8019.209 410.05719342144596 553.7731535909162 559.9104261646374 25.628574588840372 34.61082209943226 34.99440163528984
 6880 262144 6608.009 6608.963 7141.829 505.06690092971985 545.7893227727255 545.868118521025 31.56668130810749 34.111832673295346 34.116757407564066
 7552 262144 7061.958 7139.921 7384.062 536.2120437233598 554.5471687992066 560.6692897352265 33.51325273270999 34.65919804995041 35.041830608451654
 8288 131072 3875.971 3887.892 4214.048 515.5730243224567 558.8245434801172 560.5432734145843 32.223314020153545 34.926533967507325 35.03395458841152
 9088 131072 4130.84 4245.996 4331.112 550.0584311834929 561.0850014931715 576.7264459528812 34.378651948968304 35.06781259332322 36.04540287205508
 9984 131072 4440.069 4472.971 4621.983 566.2603466953469 585.1246735111854 589.4605908151426 35.39127166845918 36.57029209444909 36.84128692594641
 10976 131072 5097.866 5291.939 5759.954 499.53394488914324 543.7123413554086 564.4111759704942 31.220871555571453 33.98202133471304 35.27569849815589
 12064 131072 5616.903 5787.134 5895.853 536.3948551634513 546.4717450814168 563.0336176359107 33.52467844771571 34.15448406758855 35.18960110224442
 13248 131072 6046.057 6627.083 7472.038 464.7840002955017 524.0440948151698 574.404725592233 29.049000018468856 32.752755925948115 35.900295349514565
 14560 131072 6843.09 7102.966 8697.987 438.8160892859463 537.3553301536288 557.762157154151 27.426005580371644 33.5847081346018 34.86013482213444
 16000 131072 7190.943 7494.211 7612.944 550.9437610469746 559.6725259003249 583.2759347417995 34.43398506543591 34.979532868770306 36.454745921362466
 17600 65536 4033.804 4117.012 4175.901 552.4238242238023 560.3255953589643 571.8838099223462 34.52648901398764 35.02034970993527 35.74273812014664
 19360 65536 4359.007 4495.859 4574.06 554.7705801847811 564.4202631799618 582.1403636195125 34.67316126154882 35.27626644874761 36.38377272621953
 21280 65536 4697.084 4716.873 4991.055 558.842200697047 591.3265334894537 593.8178154787098 34.92763754356544 36.95790834309086 37.11361346741936
 23392 65536 5354.881 5493.879 5957.127 514.6837097815776 558.0822264196207 572.5685078716034 32.1677318613486 34.880139151226295 35.78553174197521
 25728 65536 6006.956 6606.102 6733.894 500.78311538613474 510.47053406078203 561.3859026102406 31.29894471163342 31.904408378798877 35.086618913140036
 28288 65536 6798.029 7268.19 7631.063 485.8778830681911 510.1359122422502 545.4176108986884 30.367367691761945 31.883494515140637 34.088600681168025
 31104 65536 7315.159 7404.804 8562.088 476.15295334502525 550.5700742382918 557.3171393813859 29.75955958406408 34.41062963989324 34.83232121133662
 34208 32768 4024.029 4159.927 4369.974 513.0134614073219 538.9170261882 557.1171301200861 32.06334133795762 33.6823141367625 34.81982063250538
 37600 32768 4433.87 4531.86 4561.901 540.1593765406132 543.7400096207739 555.7568444722106 33.75996103378832 33.98375060129837 34.73480277951316
 41344 32768 4842.043 4894.018 4956.007 546.7143981031505 553.639235491165 559.5820574084122 34.16964988144691 34.60245221819781 34.97387858802576
 45472 32768 5511.999 5572.081 5918.026 503.55523818246155 534.8186776179313 540.6483186952682 31.472202386403847 33.426167351120704 33.790519918454265
 50016 32768 6000.996 6162.882 7010.937 467.53359443965905 531.8694364097836 546.2174239076313 29.22084965247869 33.241839775611474 34.13858899422696
 55008 32768 6330.013 6688.118 9591.103 375.86962500559116 539.0162506104108 569.5097763622286 23.491851562849448 33.688515663150675 35.59436102263929
 60480 32768 7122.04 7164.955 8729.935 454.02597842939264 553.1949998290289 556.5283654683209 28.37662365183704 34.57468748931431 34.783022841770055
 66528 16384 3947.02 4304.886 4341.841 502.0887462253915 506.3988927929798 552.312758486149 31.38054663908697 31.649930799561236 34.519547405384316
 73152 16384 4214.048 4338.026 5674.124 422.4519478248977 552.565783607567 568.82236177661 26.403246739056105 34.53536147547294 35.55139761103813
 80448 16384 4469.872 4628.181 5018.95 525.2333782962572 569.5801577336756 589.7529199941295 32.82708614351608 35.598759858354725 36.85955749963309
 88480 16384 5036.116 5134.106 5534.172 523.8927593865894 564.7161628528902 575.7041021294982 32.74329746166184 35.29476017830564 35.98150638309364
 97312 16384 5577.803 6138.802 6179.81 515.9899116639509 519.4367917388442 571.680214593452 32.24936947899693 32.464799483677766 35.73001341209075
 107040 16384 6214.857 6360.054 6771.088 518.0093243508281 551.4869402052246 564.3712671104098 32.37558277192676 34.46793376282654 35.27320419440061
 117728 16384 6659.985 6755.114 7433.176 518.9855727888051 571.0800889518667 579.2372060898035 32.43659829930032 35.69250555949167 36.20232538061272
 129472 16384 7363.081 7579.088 8065.939 525.981971348903 559.768998064147 576.1906593177503 32.87387320930644 34.98556237900919 36.01191620735939
 142400 8192 3908.873 4234.076 4779.816 488.1111741539841 551.024969792701 596.868099833379 30.506948384624007 34.43906061204381 37.30425623958619
 156640 8192 4510.164 4511.118 5008.936 512.3622581721946 568.9032652216146 569.0236009156208 32.022641135762164 35.55645407635091 35.5639750572263
 172288 8192 4754.066 5012.989 7899.046 357.3553808902999 563.0905218423579 593.758393762308 22.334711305643744 35.19315761514737 37.10989961014425
 189504 8192 5418.062 5553.961 5693.197 545.3585280818493 559.0304894110708 573.0524191122214 34.08490800511558 34.939405588191924 35.81577619451384
 208448 8192 5947.113 6280.899 6922.96 493.3167361937668 543.7457332143057 574.263854075078 30.832296012110426 33.984108325894105 35.89149087969238
 229280 8192 6437.063 6605.864 6748.915 556.6114731034544 568.6649800843614 583.5772494381366 34.7882170689659 35.54156125527259 36.47357808988354
 252192 8192 7048.13 7683.992 8607.149 480.0560241259911 537.7300923790654 586.2425534148773 30.003501507874443 33.608130773691585 36.64015958842983
 277408 4096 3987.074 4605.055 4724.026 481.05711865260685 493.4851670609797 569.9734532140612 30.066069915787928 30.84282294131123 35.62334082587883
 305120 4096 4238.844 4550.934 4554.033 548.8636204436814 549.2373741302334 589.6756379805437 34.30397627773009 34.32733588313959 36.85472737378398
 335616 4096 4754.066 4878.998 19623.041 140.1090825830716 563.5104322649856 578.3189110121737 8.756817661441975 35.2194020165616 36.144931938260854
 369152 4096 5134.821 5676.031 8370.161 361.2945060435516 532.7830633765037 588.9383844149583 22.580906627721976 33.29894146103148 36.80864902593489
 406048 4096 5734.921 6001.949 6021.976 552.3677304592379 554.2108431777744 580.0158739762936 34.52298315370237 34.6381776986109 36.25099212351835
 446624 4096 6273.031 6624.937 6675.005 548.1260026022452 552.2684680624133 583.2497572545075 34.257875162640325 34.51677925390083 36.45310982840672
 491264 4096 6822.109 6829.023 6906.986 582.661480419969 589.3133890455488 589.9106402433617 36.416342526248066 36.8320868153468 36.86941501521011
 540384 2048 4467.964 4538.059 4891.872 452.4674529505269 487.74439997364505 495.3963066846555 28.27921580940793 30.484024998352815 30.962269167790968
 594400 2048 5921.841 6001.949 11653.185 208.9267783871963 405.6452995518623 411.1326866087759 13.057923649199768 25.352831221991394 25.695792913048493
 653824 2048 6479.979 6499.052 7207.155 371.58394734121856 412.0698071041746 413.2826825519033 23.22399670882616 25.75436294401091 25.830167659493956
 719200 2048 7130.146 7194.996 8430.004 349.4474261222177 409.4294423513231 413.15327904926494 21.840464132638605 25.589340146957692 25.82207994057906
 791104 2048 7941.008 8513.927 9059.906 357.6595589402362 380.5954624699038 408.0542399655057 22.353722433764762 23.787216404368987 25.503389997844106
 870208 2048 8603.811 9117.126 11467.934 310.81204059946634 390.95346143071845 414.27827366268275 19.425752537466646 24.434591339419903 25.892392103917672
 957216 2048 9374.857 9703.159 9989.023 392.506528015803 404.07013179934495 418.2204310956423 24.531658000987687 25.25438323745906 26.138776943477644
 1052928 1024 5523.92 6011.963 6790.876 317.54320709139733 358.68426735161216 390.3743254790077 19.846450443212333 22.41776670947576 24.398395342437983
 1158208 1024 5897.999 6253.004 6418.943 369.5328006495774 379.33927181239613 402.17198816073045 23.095800040598586 23.70870448827476 25.135749260045653
 1274016 1024 6366.014 7212.877 7220.03 361.38143027106537 361.7398117283852 409.86161324810155 22.586339391941586 22.608738233024074 25.616350828006347
 1401408 1024 6939.888 7359.028 9670.019 296.8022693647241 390.0085152550038 413.5633866137321 18.550141835295257 24.375532203437736 25.847711663358258
 1541536 1024 7677.078 7972.002 10862.112 290.6493440686305 396.01918413969287 411.2327278685979 18.165584004289407 24.751199008730804 25.70204549178737
 1695680 1024 8327.007 8375.883 23282.051 149.16008215942833 414.6133177839279 417.0469221414129 9.32250513496427 25.913332361495495 26.065432633838306
 1865248 1024 9119.034 9278.059 12488.127 305.89278151959854 411.7270545488016 418.90707985078245 19.11829884497491 25.7329409093001 26.181692490673903
 2051744 1024 10622.978 11366.844 17262.936 243.41002666058654 369.66916340190824 395.5549669781863 15.213126666286659 23.104322712619265 24.722185436136645
 2256896 512 5463.123 5902.052 8000.851 288.85196137260897 391.56915323687423 423.0293742242304 18.05324758578806 24.47307207730464 26.4393358890144
 2482560 512 6003.141 6652.832 7932.186 320.4843456772194 382.1141793449767 423.46855421187007 20.03027160482621 23.882136209061045 26.46678463824188
 2730816 512 6690.025 6853.104 8393.049 333.17517674447026 408.04219285158956 417.9888093093823 20.82344854652939 25.502637053224348 26.124300581836394
 3003872 512 7585.049 7688.999 9932.995 309.6714463261081 400.0475130767997 405.5300009268233 19.354465395381755 25.00296956729998 25.345625057926455
 3304256 512 8127.928 9923.935 10079.145 335.6989252560609 340.9492448308055 416.2879080621778 20.981182828503805 21.309327801925345 26.017994253886112
 3634656 512 8919.954 9689.093 14426.947 257.98166056893393 384.13169777604566 417.25414099669126 16.12385378555837 24.008231111002853 26.078383812293204
 3998112 512 9767.056 10325.909 15098.095 271.16445405860804 396.4848700487289 419.1710058793561 16.947778378663003 24.780304378045557 26.198187867459755
 4397920 256 5720.139 5915.88 6062.031 371.4489483805015 380.6255434525379 393.650406047825 23.215559273781345 23.78909646578362 24.603150377989063
 4837696 256 6664.038 6711.96 9541.988 259.5790680097271 369.027877400938 371.681606857584 16.223691750607944 23.064242337558625 23.230100428599
 5321440 256 6722.927 7874.012 11129.141 244.81469683958537 346.02147926622416 405.26652751100823 15.300918552474085 21.62634245413901 25.329157969438015
 5853568 256 7194.042 7715.94 11455.059 261.6334683217258 388.42018159809436 416.5984596698212 16.35209177010786 24.276261349880897 26.037403729363824
 6438912 256 8095.026 9058.952 10051.012 327.99910536371857 363.9188003203903 407.2529160499299 20.49994408523241 22.744925020024393 25.45330725312062
 7082784 256 8997.917 9809.971 10157.108 357.02932448882103 369.66321388717665 403.02498989488345 22.314332780551315 23.10395086794854 25.189061868430215
 7791040 256 10026.932 10116.1 11240.005 354.89419088336706 394.32315615701697 397.8298127483062 22.18088693021044 24.64519725981356 24.864363296769138
 8570144 128 5899.906 6039.143 6042.957 363.0601482022791 363.289437590731 371.86302019049117 22.691259262642443 22.705589849420686 23.241438761905698
 9427136 128 5764.008 10047.197 20103.931 120.04352860144613 240.20100491709275 418.6924820368049 7.502720537590383 15.012562807318297 26.168280127300307
 10369824 128 6618.977 8365.87 10871.887 244.17793746384595 317.3220411027185 401.07027777857513 15.261121091490372 19.832627568919907 25.066892361160946
 11406784 128 7837.057 10293.961 12885.094 226.6290571104875 283.67473939332007 372.6062862628152 14.16431606940547 17.729671212082504 23.28789289142595
 12547456 128 9217.978 9557.009 17452.002 184.05617510243238 336.103977300848 348.4656543983941 11.503510943902024 21.006498581303 21.779103399899633
 13802176 128 9500.027 9521.961 11409.998 309.6720136147263 371.07451458790894 371.9312646164058 19.354500850920395 23.19215716174431 23.245704038525364
 15182368 128 11148.93 11464.834 13151.884 295.5231515119811 339.00937492858594 348.61517724122405 18.47019696949882 21.18808593303662 21.788448577576503
 16700576 128 14755.964 16628.981 22701.979 188.32487934201686 257.10219140908276 289.7369128848512 11.770304958876054 16.068886963067673 18.1085570553032
 18370624 64 9083.986 10487.08 22320.986 105.34659499360825 224.22255499147522 258.8555147487017 6.584162187100516 14.013909686967201 16.178469671793856
 20207680 64 7289.886 9029.865 13554.096 190.8340504597282 286.4475869794288 354.81803693500825 11.927128153733012 17.9029741862143 22.176127308438016
 22228448 64 9150.028 13262.033 16215.086 175.4687791356765 214.54036074258 310.95438658766943 10.966798695979781 13.40877254641125 19.43464916172934
 24451264 64 10559.082 15769.005 16006.947 195.52521739467244 198.47554059371535 296.40472457738275 12.220326087167027 12.40472128710721 18.525295286086422
 26896384 64 13370.991 15952.11 20332.098 169.32522910326318 215.8170393759822 257.47808460868754 10.582826818953949 13.488564960998888 16.09238028804297
 29586016 64 19963.98 21475.077 23648.024 160.14065479635846 176.3444223273332 189.6921379404307 10.008790924772404 11.021526395458325 11.85575862127692
 32544608 64 16999.006 17601.013 18977.88 219.50343368173893 236.6744359543397 245.05608292626053 13.718964605108683 14.792152247146232 15.316005182891283
 35799040 32 11363.983 12781.858 16549.826 138.43883071640752 179.24925781525658 201.61404324522485 8.65242691977547 11.203078613453537 12.600877702826553
 39378944 32 12271.166 14091.015 14660.12 171.91212732228658 178.8552787716144 205.38002794518468 10.744507957642911 11.1784549232259 12.836251746574042
 43316832 32 12124.062 12879.133 13279.2 208.7683932767034 215.25340626577892 228.65911177293552 13.048024579793962 13.453337891611183 14.29119448580847
 47648512 32 13656.855 17606.02 19720.078 154.63958955943275 173.20807133014728 223.29480455053525 9.664974347464547 10.825504458134205 13.955925284408453
 52413344 32 15925.884 19017.935 19690.99 170.35476712953488 176.3837144253569 210.62906247464818 10.64717294559593 11.023982151584807 13.164316404665511
 57654656 32 20617.962 21842.003 22125.006 166.7750048971738 168.93587936967134 178.9652141176708 10.423437806073363 10.558492460604459 11.185325882354425
 63420096 32 23397.923 27183.056 29469.967 137.72957886243984 149.31677085902334 173.47207032008782 8.60809867890249 9.332298178688959 10.842004395005489
 69762080 16 14146.09 14369.011 15410.9 144.85763712696857 155.36118386992675 157.8094413367934 9.053602320435536 9.710073991870422 9.863090083549588
 76738272 16 15160.084 16469.955 17099.857 143.60498476683168 149.0972321418 161.97962385960392 8.97531154792698 9.3185770088625 10.123726491225245
 84412096 16 18396.854 18450.022 19840.002 136.14852821083386 146.40562878461608 146.8287497416678 8.509283013177116 9.150351799038505 9.176796858854237
 92853280 16 19814.014 19850.969 22279.978 133.36211373278735 149.68060047849553 149.95976887873402 8.33513210829921 9.355037529905971 9.372485554920877
 102138592 16 21975.994 24091.005 30716.181 106.40759487645941 135.67034434636494 148.7275134858519 6.650474679778713 8.479396521647809 9.295469592865743
 112352448 16 26564.121 29597.044 32494.068 110.64414390958989 121.47423695420392 135.3433955522187 6.915258994349368 7.592139809637745 8.45896222201367
 123587680 16 28823.137 31187.057 36436.081 108.5409201939144 126.80920036796034 137.20941478368576 6.78380751211965 7.9255750229975215 8.57558842398036
 135946432 8 15382.051 16560.078 18018.961 120.71411398248767 131.34859099093615 141.40785984911898 7.54463212390548 8.209286936933509 8.837991240569936
 149541056 8 17474.89 17717.838 19618.034 121.96211383872615 135.0422605737788 136.91971142593746 7.622632114920385 8.440141285861175 8.557481964121092
 164495136 8 17593.861 19671.202 20771.98 126.70540680281802 133.7956966737467 149.59321185952302 7.919087925176126 8.362231042109169 9.349575741220189
 180944640 8 21129.131 21367.073 22614.956 128.01768175007726 135.49418958787663 137.02003362088104 8.001105109379829 8.46838684924229 8.563752101305065
 199039104 8 22865.057 23577.929 24433.136 130.34043865674877 135.06808269716987 139.27914826540777 8.146277416046798 8.441755168573117 8.704946766587986
 218943008 8 24759.054 26248.932 26762.962 130.8931398549981 133.45640607396902 141.48715568858165 8.180821240937382 8.341025379623064 8.842947230536353
 240837280 8 26793.957 28757.095 31515.121 122.27135285312723 133.9981135090314 143.81587908049565 7.641959553320452 8.374882094314463 8.988492442530978
 264920992 8 30710.936 32292.843 33125.877 127.95844988496458 131.25929705229112 138.02040654182602 7.997403117810286 8.203706065768195 8.626275408864126
 291413088 4 15666.008 17127.991 18190.861 128.15801868861513 136.11080855892553 148.8129397099759 8.009876168038446 8.506925534932845 9.300808731873493
 320554368 4 17395.02 17524.004 22186.995 115.58279721972264 146.3384135269542 147.4235122466085 7.223924826232665 9.146150845434638 9.213969515413032
 352609792 4 18915.892 19276.857 26390.076 106.89163365804629 146.33497234533615 149.12742872501067 6.680727103627893 9.14593577158351 9.320464295313167
 387870752 4 21895.885 24756.193 29639.006 104.69197300341312 125.34100117897772 141.7145740398253 6.54324831271332 7.8338125736861075 8.85716087748908
 426657824 4 23472.071 24034.023 26406.05 129.26062746984118 142.01794647529462 145.4180413820323 8.078789216865074 8.876121654705914 9.088627586377019
 469323584 4 25830.984 28285.027 30239.105 124.1633531151137 132.74120869674263 145.352134939962 7.760209569694606 8.296325543546414 9.084508433747626
 516255936 4 28480.053 30841.827 30856.133 133.8485119959782 133.9105977087544 145.01544249232964 8.365531999748638 8.36941235679715 9.063465155770603
 567881504 2 15105.963 15313.864 16534.09 137.38439889948586 148.33134315415106 150.37280417011482 8.586524931217866 9.270708947134441 9.398300260632176
 624669632 2 17122.984 17220.974 17562.866 142.27054559318506 145.09507580697817 145.9254139348609 8.891909099574066 9.068442237936136 9.120338370928806
 687136576 2 19112.11 19141.912 19356.966 141.99261929787963 143.5878664576454 143.81176667568363 8.874538706117477 8.974241653602837 8.988235417230227
 755850208 2 21459.103 21919.012 22489.071 134.43867165522312 137.93508722017216 140.8912959688949 8.402416978451445 8.62094295126076 8.805705998055931
 831435200 2 22904.873 23622.036 31204.939 106.5773850735616 140.78976088259287 145.1979585304839 6.6610865670976 8.799360055162055 9.074872408155244
 914578720 2 25984.049 28398.991 30516.863 119.87847112594763 128.818480910114 140.7907936134203 7.492404445371727 8.051155056882125 8.799424600838769
 1006036576 2 28558.016 28980.017 29878.139 134.6853063371852 138.85934932336306 140.9112700266013 8.417831646074076 8.678709332710191 8.806954376662581
 1106640224 1 15658.855 16074.181 16906.977 130.90929549380706 137.69164649819484 141.3436964580105 8.181830968362942 8.605727906137178 8.833981028625656
 1217304224 1 16525.984 16941.071 19201.994 126.78935573045175 143.71042114161497 147.32002935498426 7.924334733153234 8.981901321350936 9.207501834686516
 1339034624 1 18480.062 21671.057 22336.006 119.89919988381091 123.57815532486485 144.91668090723937 7.493699992738182 7.723634707804053 9.05729255670246
 1472938080 1 20090.818 21006.823 23201.942 126.96679269347368 140.23425436583153 146.62798498299074 7.935424543342105 8.76464089786447 9.164249061436921
 1620231872 1 22418.976 23401.022 23562.908 137.5239314264606 138.47530864250288 144.5411130285344 8.595245714153787 8.65470679015643 9.0338195642834
 1782255040 1 24347.067 25250.912 26378.155 135.13113710947562 141.16361737746342 146.40408555166007 8.445696069342226 8.822726086091464 9.150255346978755
 1960480544 1 25463.104 28048.038 30020.952 130.60748666464673 139.79448715806788 153.98598254164142 8.16296791654042 8.737155447379243 9.624123908852589
 
META_DATA
 FLOPS          1
 OPENMP_THREADS 4
 ERT_VERSION  1.1.0
 HOSTNAME  ('localhost', ['1.0.0.0.0.0.0.0.0.0.0.0.0.0.0.0.0.0.0.0.0.0.0.0.0.0.0.0.0.0.0.0.ip6.arpa'], ['::1'])
 UNAME  uname_result(system='Darwin', node='Rezas-MacBook-Pro.local', release='21.6.0', version='Darwin Kernel Version 21.6.0: Wed Aug 10 14:28:23 PDT 2022; root:xnu-8020.141.5~2/RELEASE_ARM64_T6000', machine='arm64')
 TIMESTAMP_DATA  1705686852.451864
 CONFIG  {'ERT_RESULTS': ['Results.MyMacBookPro'], 'ERT_DRIVER': ['driver1'], 'ERT_KERNEL': ['kernel1'], 'ERT_MPI': ['False'], 'ERT_OPENMP': ['True'], 'ERT_OPENMP_CFLAGS': ['-Xpreprocessor', '-fopenmp', '-I/opt/homebrew/opt/libomp/include'], 'ERT_OPENMP_LDFLAGS': ['-L/opt/homebrew/opt/libomp/lib', '-lomp'], 'ERT_FLOPS': ['1,2,4,8,16'], 'ERT_ALIGN': ['32'], 'ERT_CC': ['clang'], 'ERT_CFLAGS': ['-O3', '-std=c++11', '-Xpreprocessor', '-fopenmp', '-I/opt/homebrew/opt/libomp/include'], 'ERT_LD': ['clang'], 'ERT_LDFLAGS': ['-L/opt/homebrew/opt/libomp/lib', '-lomp', '-lc++'], 'ERT_LDLIBS': [], 'ERT_PRECISION': ['FP64'], 'ERT_RUN': ['export', 'OMP_NUM_THREADS=ERT_OPENMP_THREADS;', './ERT_CODE'], 'ERT_PROCS_THREADS': ['1-10'], 'ERT_OPENMP_THREADS': ['1,2,4,8,10'], 'ERT_NUM_EXPERIMENTS': ['3'], 'ERT_MEMORY_MAX': ['2147483648', '#', 'Adjusted', 'to', '2GB,', 'consider', 'your', "system's", 'RAM'], 'ERT_WORKING_SET_MIN': ['1'], 'ERT_TRIALS_MIN': ['1'], 'ERT_GNUPLOT': ['gnuplot'], 'ERT_GPU': [False], 'ERT_HIP': [False], 'ERT_OCL': [False], 'ERT_SYCL': [False], 'ERT_WSS_MULT': [1.1]}
 TIMESTAMP_DATA  1705686864.8456268
 TIMESTAMP_DATA  1705686877.9227772
 