fp64
 16 134217728 2726797.104 2734870.911 2742940.903 1.5658256768501733 1.5704460779940632 1.5750960310540219 1.5658256768501733 1.5704460779940632 1.5750960310540219
 32 67108864 1370811.939 1373213.053 1377610.922 3.1176925410584104 3.127677301506105 3.1331557406285477 3.1176925410584104 3.127677301506105 3.1331557406285477
 48 33554432 683562.04 685117.006 692679.882 4.650381158319826 4.701715829252091 4.712411286033379 4.650381158319826 4.701715829252091 4.712411286033379
 64 33554432 779052.019 780936.003 784779.072 5.4728361767526845 5.499768584750472 5.5130686927851995 5.4728361767526845 5.499768584750472 5.5130686927851995
 80 16777216 423619.032 424208.879 426753.044 6.29018257219508 6.327907530667221 6.336718507019297 6.29018257219508 6.327907530667221 6.336718507019297
 96 16777216 577228.069 582412.958 588542.938 5.4732208374574025 5.53082727256216 5.5805073332288 5.4732208374574025 5.53082727256216 5.5805073332288
 112 16777216 594779.968 595844.984 599608.898 6.267579411404931 6.307171302796433 6.318464955430375 6.267579411404931 6.307171302796433 6.318464955430375
 128 16777216 379796.028 380336.046 380713.94 11.281350233721414 11.29255914912677 11.308615623542014 11.281350233721414 11.29255914912677 11.308615623542014
 144 8388608 189265.013 190160.036 191632.986 12.607010694912407 12.704662634792516 12.764742229457907 12.607010694912407 12.704662634792516 12.764742229457907
 160 8388608 191720.963 192141.056 193692.923 13.858815894889458 13.97074948937514 14.001361760320389 13.858815894889458 13.97074948937514 14.001361760320389
 176 8388608 205214.977 205871.105 207302.094 14.243898645809143 14.342906528820544 14.38876469527855 14.243898645809143 14.342906528820544 14.38876469527855
 192 8388608 230916.977 231487.036 232292.891 13.8670858937306 13.915360132737629 13.949712636329895 13.8670858937306 13.915360132737629 13.949712636329895
 208 8388608 261133.909 263421.059 263805.866 13.228139998979401 13.247463742069309 13.363492092480415 13.228139998979401 13.247463742069309 13.363492092480415
 224 8388608 269211.054 269775.152 271183.014 13.858155525920957 13.930476384274263 13.959665950418216 13.858155525920957 13.930476384274263 13.959665950418216
 240 8388608 229904.175 231538.057 235023.022 17.13249964082242 17.390367234531986 17.51395702144165 17.13249964082242 17.390367234531986 17.51395702144165
 256 8388608 192401.171 192757.13 193392.038 22.208604554857633 22.281755782522808 22.322978980205896 22.208604554857633 22.281755782522808 22.322978980205896
 272 4194304 94569.921 95328.093 95921.993 23.787051380385726 23.93524620281663 24.127136322763768 23.787051380385726 23.93524620281663 24.127136322763768
 288 4194304 95988.989 98001.003 98181.963 24.606547172009588 24.651983449597957 25.168710798693795 24.606547172009588 24.651983449597957 25.168710798693795
 304 4194304 100682.02 101539.135 102479.935 24.8842549714732 25.114817375586274 25.328622051881755 24.8842549714732 25.114817375586274 25.328622051881755
 320 4194304 106657.028 107857.943 108771.801 24.67877276390781 24.88787089143727 25.168098252278323 24.67877276390781 24.88787089143727 25.168098252278323
 352 4194304 103482.962 103685.141 109160.9 27.049887056629252 28.478429864892593 28.534069366897324 27.049887056629252 28.478429864892593 28.534069366897324
 384 4194304 108169.794 108803.034 110171.08 29.23839425010629 29.606026170189338 29.779343686279 29.23839425010629 29.606026170189338 29.779343686279
 416 4194304 118824.005 118852.854 120199.919 29.032140429312605 29.361187473041245 29.368316006517368 29.032140429312605 29.361187473041245 29.368316006517368
 448 4194304 131353.855 132153.034 133553.982 28.13915637498551 28.437458227406264 28.61047651779995 28.13915637498551 28.437458227406264 28.61047651779995
 480 4194304 144124.031 145399.094 148028.135 27.201125245548756 27.692963753955713 27.93796296191577 27.201125245548756 27.692963753955713 27.93796296191577
 528 2097152 59170.008 60436.01 61484.814 36.01852828244711 36.64359232186241 37.42761893829725 36.01852828244711 36.64359232186241 37.42761893829725
 576 2097152 67097.902 67300.081 67403.793 35.842480021858705 35.897714655053676 36.005881435756365 35.842480021858705 35.897714655053676 36.005881435756365
 624 2097152 76085.806 76135.874 76313.019 34.296188649016756 34.375985438874714 34.39860643652773 34.296188649016756 34.375985438874714 34.39860643652773
 672 2097152 85595.131 85695.028 86773.872 32.481808441139975 32.89073303062576 32.92911939114855 32.481808441139975 32.89073303062576 32.92911939114855
 736 2097152 99164.963 99376.917 100088.835 30.842678346690718 31.0636296354414 31.130024664053973 30.842678346690718 31.0636296354414 31.130024664053973
 800 2097152 88176.012 88216.066 88475.943 37.92492158009551 38.036645161664765 38.05392332780938 37.92492158009551 38.036645161664765 38.05392332780938
 880 2097152 104516.029 105096.102 105376.005 35.02683101337918 35.120118156237616 35.31503784936184 35.02683101337918 35.120118156237616 35.31503784936184
 960 2097152 120971.918 122040.987 123938.084 32.488253086113545 32.99327495606046 33.28484748005731 32.488253086113545 32.99327495606046 33.28484748005731
 1056 1048576 57348.967 57540.894 59449.911 37.251401637926755 38.48728022890989 38.61608373870099 37.251401637926755 38.48728022890989 38.61608373870099
 1152 1048576 66655.159 67270.994 67783.117 35.64190038649299 35.91323630508566 36.24504299809711 35.64190038649299 35.91323630508566 36.24504299809711
 1264 1048576 77509.88 77646.017 78522.921 33.758297503986135 34.1395506224099 34.199512733086415 33.758297503986135 34.1395506224099 34.199512733086415
 1376 1048576 77275.991 77527.046 80483.913 35.85413586936311 37.22160588964012 37.34253180913591 35.85413586936311 37.22160588964012 37.34253180913591
 1504 1048576 90225.935 90598.106 94172.001 33.493146312140055 34.81437689216152 34.95798195940004 33.493146312140055 34.81437689216152 34.95798195940004
 1648 1048576 93129.873 93668.938 96992.016 35.63289679430934 36.89703940061752 37.110611071057725 35.63289679430934 36.89703940061752 37.110611071057725
 1808 1048576 97810.984 97862.959 98758.936 38.39298973411378 38.74449387944626 38.765082007558576 38.39298973411378 38.74449387944626 38.765082007558576
 1984 1048576 115472.078 115957.975 117192.03 35.50369054960478 35.88153008018637 36.03251660544292 35.50369054960478 35.88153008018637 36.03251660544292
 2176 524288 60464.859 60894.012 61544.895 37.07377152889773 37.47004510065784 37.73599101587254 37.07377152889773 37.47004510065784 37.73599101587254
 2384 524288 65174.103 65417.051 66957.951 37.3339558135523 38.21335792101053 38.35580497364114 37.3339558135523 38.21335792101053 38.35580497364114
 2608 524288 70230.007 71168.184 71972.847 37.996082161374 38.42568482567997 38.93899950771755 37.996082161374 38.42568482567997 38.93899950771755
 2864 524288 77082.872 77345.133 81047.058 37.05404906862874 38.82754541258595 38.95964934985817 37.05404906862874 38.82754541258595 38.95964934985817
 3136 524288 85126.877 85276.127 85994.959 38.23868717700069 38.561018794861546 38.628626491254934 38.23868717700069 38.561018794861546 38.628626491254934
 3440 524288 94451.904 94465.017 94697.952 38.090596088075905 38.184521154534906 38.189822409509084 38.090596088075905 38.184521154534906 38.189822409509084
 3776 524288 105932.951 107492.924 107540.131 36.818097013476766 36.834266188535345 37.37668910969921 36.818097013476766 36.834266188535345 37.37668910969921
 4144 262144 55593.967 55599.928 55788.04 38.94471775670914 39.07647995515389 39.08066988635655 38.94471775670914 39.07647995515389 39.08066988635655
 4544 262144 62308.073 62376.976 63668.013 37.418549122932426 38.19301326822897 38.23524877747383 37.418549122932426 38.19301326822897 38.23524877747383
 4992 262144 67622.185 67691.088 70333.958 37.211693617469955 38.664553537682835 38.7039504269198 37.211693617469955 38.664553537682835 38.7039504269198
 5488 262144 74037.075 74157.953 74480.057 38.63171780333089 38.7995141128019 38.86286085721242 38.63171780333089 38.7995141128019 38.86286085721242
 6032 262144 81798.077 81927.061 84794.044 37.29631312312454 38.60147279053499 38.66234185432012 37.29631312312454 38.60147279053499 38.66234185432012
 6624 262144 90826.035 92366.934 92530.012 37.532511202959746 37.59877654919237 38.23665441302155 37.532511202959746 37.59877654919237 38.23665441302155
 7280 262144 99087.954 99124.908 102174.997 37.3556814491514 38.50512163905363 38.51948179291299 37.3556814491514 38.50512163905363 38.51948179291299
 8000 262144 108615.875 109363.079 109480.143 38.31109354689096 38.352102358054495 38.61593896840586 38.31109354689096 38.352102358054495 38.61593896840586
 8800 131072 58919.191 58974.028 62227.011 37.07179829029551 39.11666335560461 39.15306983763576 37.07179829029551 39.11666335560461 39.15306983763576
 9680 131072 65916.061 67077.875 68990.946 36.78097007105831 37.829968823550246 38.496746946089516 36.78097007105831 37.829968823550246 38.496746946089516
 10640 131072 71529.15 71969.032 73031.902 38.19169545933502 38.75572704659971 38.99406270031169 38.19169545933502 38.75572704659971 38.99406270031169
 11696 131072 78607.082 78727.961 80826.998 37.93331807275583 38.94469239461187 39.00458007078802 37.93331807275583 38.94469239461187 39.00458007078802
 12864 131072 86294.174 86529.97 87235.928 38.65632536172482 38.97170443951385 39.078193343620164 38.65632536172482 38.97170443951385 39.078193343620164
 14144 131072 96002.102 96441.031 97147.942 38.166168625579324 38.445925946187785 38.62170367894653 38.166168625579324 38.445925946187785 38.62170367894653
 15552 131072 106394.053 106764.078 108201.027 37.678602514558385 38.18572280463097 38.31852789741923 37.678602514558385 38.18572280463097 38.31852789741923
 17104 65536 57753.086 57790.995 58323.86 38.438050705148804 38.7924708339076 38.81793412736421 38.438050705148804 38.7924708339076 38.81793412736421
 18800 65536 62842.846 62891.006 63941.002 38.53792594617144 39.18133540430249 39.21136226070984 38.53792594617144 39.18133540430249 39.21136226070984
 20672 65536 69111.824 69131.136 69676.876 38.88693838684731 39.19392246064061 39.20487446547498 38.88693838684731 39.19392246064061 39.20487446547498
 22736 65536 76093.912 76211.929 76504.946 38.95242265774556 39.10218559091977 39.1628306874274 38.95242265774556 39.10218559091977 39.1628306874274
 25008 65536 84000.826 85631.847 86542.13 37.87575572729721 38.278382293914554 39.02162314451527 37.87575572729721 38.278382293914554 39.02162314451527
 27504 65536 92375.994 93037.128 97617.865 36.92975960906335 38.748017759103654 39.02533690733547 36.92975960906335 38.748017759103654 39.02533690733547
 30240 65536 102330.923 102803.946 105571.985 37.544214783874715 38.55510838076196 38.73332873192202 37.544214783874715 38.55510838076196 38.73332873192202
 33264 32768 55934.906 57061.911 58309.793 37.38633584242016 38.20393438978936 38.97368673507738 37.38633584242016 38.20393438978936 38.97368673507738
 36576 32768 60930.967 61131.001 62557.936 38.31719665431416 39.21160617016561 39.340336351464764 38.31719665431416 39.21160617016561 39.340336351464764
 40224 32768 66853.046 67100.048 68777.084 38.328465103289346 39.28641100226933 39.4315625349367 38.328465103289346 39.28641100226933 39.4315625349367
 44240 32768 73721.886 74170.113 75634.003 38.33345486156538 39.09003940711268 39.32770575077257 38.33345486156538 39.09003940711268 39.32770575077257
 48656 32768 80721.855 81084.967 83868.98 38.02025034762555 39.32565719611133 39.50255622842166 38.02025034762555 39.32565719611133 39.50255622842166
 53520 32768 89432.955 89844.942 90476.036 38.76702467380424 39.039334234307816 39.2191750792535 38.76702467380424 39.039334234307816 39.2191750792535
 58864 32768 99097.967 99394.083 101696.014 37.93374934046087 38.81228125018267 38.92825676232086 37.93374934046087 38.81228125018267 38.92825676232086
 64736 32768 109492.064 109768.152 111800.909 37.94726298692258 38.649994727068005 38.74745201624841 37.94726298692258 38.649994727068005 38.74745201624841
 71200 16384 59445.858 59475.899 62397.003 37.39092404806686 39.2273448443377 39.24716840658604 37.39092404806686 39.2273448443377 39.24716840658604
 78320 16384 65167.904 65181.017 68140.984 37.662939531369254 39.37326967451275 39.38119231209277 37.662939531369254 39.37326967451275 39.38119231209277
 86144 16384 71857.214 73368.073 74007.034 38.14186894721385 38.474045679242515 39.28299519099084 38.14186894721385 38.474045679242515 39.28299519099084
 94752 16384 78804.016 79257.011 82767.963 37.512503914105025 39.174244610360084 39.399432841087695 37.512503914105025 39.174244610360084 39.399432841087695
 104224 16384 87074.995 88733.912 91310.024 37.40237799083263 38.488239220198025 39.221501327677366 37.40237799083263 38.488239220198025 39.221501327677366
 114640 16384 96189.976 97117.901 98133.087 38.27988739414669 38.68003201593083 39.053170363614605 38.27988739414669 38.68003201593083 39.053170363614605
 126096 16384 106420.994 108098.984 108968.973 37.91825887906643 38.22342796487338 38.82611477957065 37.91825887906643 38.22342796487338 38.82611477957065
 138704 8192 57721.853 58109.045 59288.025 38.3302755657656 39.10796221139067 39.370294228080304 38.3302755657656 39.10796221139067 39.370294228080304
 152560 8192 63276.052 63354.969 65645.933 38.07612940774259 39.45299128786568 39.502196502398725 38.07612940774259 39.45299128786568 39.502196502398725
 167808 8192 69993.973 70014.0 71422.1 38.49461542015707 39.268807267118 39.2800430402772 38.49461542015707 39.268807267118 39.2800430402772
 184576 8192 77816.963 79236.031 79591.99 37.99494376255701 38.16563179445472 38.861619207627 37.99494376255701 38.16563179445472 38.861619207627
 203024 8192 84568.024 87255.955 87382.078 38.06667559450807 38.12169858206239 39.333368082479964 38.06667559450807 38.12169858206239 39.333368082479964
 223312 8192 96134.186 97171.068 97177.982 37.64992576198999 37.65260466212021 38.05871730166832 37.64992576198999 37.65260466212021 38.05871730166832
 245632 8192 104171.038 107153.893 107882.977 37.303704438931085 37.55752194649615 38.63295178070512 37.303704438931085 37.55752194649615 38.63295178070512
 270192 4096 56322.098 59510.946 59822.083 36.99992967479919 37.19337387108583 39.299190594782175 36.99992967479919 37.19337387108583 39.299190594782175
 297200 4096 61966.896 64599.991 64754.963 37.598081864397024 37.68827769650928 39.28972656626209 37.598081864397024 37.68827769650928 39.28972656626209
 326912 4096 68315.983 71722.984 72668.076 36.853364660432185 37.33898054213695 39.20112082702521 36.853364660432185 37.33898054213695 39.20112082702521
 359600 4096 75034.857 77630.997 77943.087 37.794797632277515 37.946739238708986 39.25966301235171 37.794797632277515 37.946739238708986 39.25966301235171
 395552 4096 85540.056 85783.958 85995.913 37.68041841709385 37.77351919341377 37.88122355215666 37.68041841709385 37.77351919341377 37.88122355215666
 435104 4096 91133.833 91484.07 95626.116 37.274043086723296 38.9616680587123 39.1114018873759 37.274043086723296 38.9616680587123 39.1114018873759
 478608 4096 101336.956 101977.825 103605.986 37.842955676325495 38.44715001521164 38.690295137738296 37.842955676325495 38.44715001521164 38.690295137738296
 526464 2048 54893.017 55782.08 58714.151 36.72703270460302 38.6575140977174 39.283622250167085 36.72703270460302 38.6575140977174 39.283622250167085
 579104 2048 60846.09 62147.856 64713.955 36.653763226185134 38.16720538195236 38.98377009927836 36.653763226185134 38.16720538195236 38.98377009927836
 637008 2048 68698.883 68922.043 69212.198 37.69833704746669 37.857043326472485 37.98001734613356 37.69833704746669 37.857043326472485 37.98001734613356
 700704 2048 73510.885 75436.115 77482.939 37.04149095325359 38.04654553061222 39.04297416634285 37.04149095325359 38.04654553061222 39.04297416634285
 770768 2048 80211.878 80708.027 85253.954 37.031311509610454 39.11712186942694 39.35908006043694 37.031311509610454 39.11712186942694 39.35908006043694
 847840 2048 88376.045 90859.175 91992.14 37.7505365132282 38.22126538128923 39.29518049829001 37.7505365132282 38.22126538128923 39.29518049829001
 932624 2048 97186.804 97895.145 101908.922 37.48472488012384 39.02162772219194 39.30603483987394 37.48472488012384 39.02162772219194 39.30603483987394
 1025872 2048 107167.959 109669.924 110923.052 37.88186167109791 38.31471344869355 39.20921655324237 37.88186167109791 38.31471344869355 39.20921655324237
 1128448 1024 58758.02 59041.977 61381.102 37.65102659773036 39.14268494091924 39.33184787370303 37.65102659773036 39.14268494091924 39.33184787370303
 1241280 1024 64620.972 65520.048 68305.016 37.21749278266767 38.79944410297136 39.33926342055022 37.21749278266767 38.79944410297136 39.33926342055022
 1365408 1024 71663.141 73238.134 76621.056 36.49591548307557 38.181688026076685 39.020834769159784 36.49591548307557 38.181688026076685 39.020834769159784
 1501936 1024 79088.211 81376.076 81413.031 37.782218524697846 37.79937641623319 38.89283736611516 37.782218524697846 37.79937641623319 38.89283736611516
 1652128 1024 86758.137 87818.146 90332.985 37.45650765332287 38.529145718926934 38.99989396959965 37.45650765332287 38.529145718926934 38.99989396959965
 1817328 1024 95566.988 98824.978 99318.981 37.47408306575356 37.66140726082428 38.94532852704325 37.47408306575356 37.66140726082428 38.94532852704325
 1999056 1024 104204.178 107306.004 107493.877 38.086510620507255 38.15319306830212 39.28889192907409 38.086510620507255 38.15319306830212 39.28889192907409
 2198960 512 57348.013 57368.994 57610.035 39.08581274078378 39.25003530652812 39.26439508898068 39.08581274078378 39.25003530652812 39.26439508898068
 2418848 512 62996.149 63154.936 63280.106 39.14184897225046 39.219426206053 39.318282011175 39.14184897225046 39.219426206053 39.318282011175
 2660720 512 69375.992 69528.103 69554.806 39.17166097767565 39.18670526650209 39.27262445486906 39.17166097767565 39.18670526650209 39.27262445486906
 2926784 512 76457.024 76758.146 77193.022 38.82510022732366 39.04506521040776 39.19884216262459 38.82510022732366 39.04506521040776 39.19884216262459
 3219456 512 83929.062 86620.808 87116.003 37.84290865594465 38.05924950503809 39.27987356751348 37.84290865594465 38.05924950503809 39.27987356751348
 3541392 512 92350.006 94250.917 95659.971 37.90912092164443 38.47586340194441 39.26784160685382 37.90912092164443 38.47586340194441 39.26784160685382
 3895520 512 101562.023 103801.012 107803.106 37.00276019876459 38.42941800991304 39.27661503946214 37.00276019876459 38.42941800991304 39.27661503946214
 4285072 256 55991.173 56013.107 57951.927 37.85822107347699 39.16863358427876 39.18397751731331 37.85822107347699 39.16863358427876 39.18397751731331
 4713568 256 61563.969 61664.104 62043.19 38.89785189962024 39.13698017893846 39.20063724286522 38.89785189962024 39.13698017893846 39.20063724286522
 5184912 256 67494.154 67686.081 69515.944 38.18800107209937 39.22039664255343 39.33192412486569 38.18800107209937 39.22039664255343 39.33192412486569
 5703392 256 74944.973 75128.078 78055.143 37.411201770522666 38.86877957932053 38.963743492175254 37.411201770522666 38.86877957932053 38.963743492175254
 6273728 256 82620.859 82653.046 83512.068 38.463288156150085 38.86304124835278 38.878181307701006 38.463288156150085 38.86304124835278 38.878181307701006
 6901088 256 90901.852 91074.944 91717.005 38.52455775240371 38.79614854333591 38.87002275817218 38.52455775240371 38.79614854333591 38.87002275817218
 7591184 256 99854.946 100435.972 103790.998 37.44723803503652 38.69814898590318 38.92332191537112 37.44723803503652 38.69814898590318 38.92332191537112
 8350288 256 110023.975 110054.97 110874.891 38.56010515491736 38.84738195830684 38.85832570582912 38.56010515491736 38.84738195830684 38.85832570582912
 9185312 128 60502.052 60516.119 60718.06 38.72719042736214 38.856422236858904 38.86545653030082 38.72719042736214 38.856422236858904 38.86545653030082
 10103840 128 66534.042 67755.938 70146.084 36.87423292225407 38.17500157698356 38.876084516254096 36.87423292225407 38.17500157698356 38.876084516254096
 11114224 128 73313.951 73971.033 74428.082 38.22806214460827 38.46426403157031 38.80900299589638 38.22806214460827 38.46426403157031 38.80900299589638
 12225632 128 80599.07 80619.097 81825.972 38.24900230943789 38.82159325103827 38.831239516783505 38.24900230943789 38.82159325103827 38.831239516783505
 13448192 128 88768.005 89020.967 95434.904 36.0741930646255 38.67332908212511 38.783536387913635 36.0741930646255 38.67332908212511 38.783536387913635
 14793008 128 98017.216 99516.869 101330.042 37.373023569851085 38.053950913588324 38.636172323033534 37.373023569851085 38.053950913588324 38.636172323033534
 16272304 128 108216.047 109791.994 110970.02 37.53905626042061 37.941835941152505 38.49438174358744 37.53905626042061 37.941835941152505 38.49438174358744
 17899520 64 59683.084 61209.202 62489.986 36.66409142738486 37.43127642801159 38.388407676788276 36.66409142738486 37.43127642801159 38.388407676788276
 19689472 64 65649.033 68434.954 69643.974 36.18765948077575 36.82697610931397 38.389787340812774 36.18765948077575 36.82697610931397 38.389787340812774
 21658416 64 72292.805 73197.126 74766.874 37.07895087335068 37.87412702515123 38.34789987744978 37.07895087335068 37.87412702515123 38.34789987744978
 23824256 64 80740.929 80921.888 82005.024 37.18680416458386 37.68454794332035 37.769007686299965 37.18680416458386 37.68454794332035 37.769007686299965
 26206672 64 89117.05 90089.083 90172.052 37.20059532414766 37.2348558148827 37.64099031554568 37.20059532414766 37.2348558148827 37.64099031554568
 28827328 64 96640.11 97913.98 98368.883 37.51082528811474 37.68509853240569 38.18184793042971 37.51082528811474 37.68509853240569 38.18184793042971
 31710048 64 105417.967 107269.049 108294.01 37.48024608193934 37.83837166301343 38.50279283037207 37.48024608193934 37.83837166301343 38.50279283037207
 34881040 32 57681.084 58029.89 59532.881 37.49837942497693 38.46959833975215 38.70222965990029 37.49837942497693 38.46959833975215 38.70222965990029
 38369136 32 63390.97 64703.941 65325.975 37.59032611453561 37.95170226184522 38.73776823418225 37.59032611453561 37.95170226184522 38.73776823418225
 42206048 32 69930.077 70251.942 73719.025 36.64165487809966 38.44999860644422 38.62697122441321 36.64165487809966 38.44999860644422 38.62697122441321
 46426640 32 76706.886 78500.986 79319.0 37.460191883407504 37.85054317661691 38.7358308353177 37.460191883407504 37.85054317661691 38.7358308353177
 51069296 32 85433.006 85909.128 87072.849 37.536786513095485 38.04525805453409 38.25728599553199 37.536786513095485 38.04525805453409 38.25728599553199
 56176224 32 94105.959 94833.136 95869.78 37.50168547377495 37.91162548921719 38.20457677924519 37.50168547377495 37.91162548921719 38.20457677924519
 61793840 32 103376.865 104196.072 105621.099 37.44333090114883 37.95542081471171 38.25619745771939 37.44333090114883 37.95542081471171 38.25619745771939
 67973216 16 56181.908 56182.146 56238.174 38.677338848163885 38.715910068654196 38.7160740785094 38.677338848163885 38.715910068654196 38.7160740785094
 74770528 16 61909.199 62143.087 62831.163 38.0807354465172 38.50238234865932 38.64784126830651 38.0807354465172 38.50238234865932 38.64784126830651
 82247568 16 68215.132 68293.095 68536.043 38.40201536000553 38.538627894957756 38.582673650767106 38.40201536000553 38.538627894957756 38.582673650767106
 90472320 16 74676.991 74928.045 76395.035 37.89662822983195 38.638593066187696 38.768490819347555 37.89662822983195 38.638593066187696 38.768490819347555
 99519552 16 82338.095 82946.062 83650.112 38.07078780719385 38.39393441005071 38.67742706459264 38.07078780719385 38.39393441005071 38.67742706459264
 109471504 16 90670.109 91374.874 92110.872 38.03121229815304 38.3375426378153 38.63553453983385 38.03121229815304 38.3375426378153 38.63553453983385
 120418640 16 99387.884 99990.129 99994.898 38.53593090319468 38.53776886316448 38.77129006992441 38.53593090319468 38.53776886316448 38.77129006992441
 132460496 16 109431.982 110394.955 111492.872 38.01799878291771 38.396101271113345 38.733976983072466 38.01799878291771 38.396101271113345 38.733976983072466
 145706544 8 60271.978 60293.913 60462.952 38.55757330538542 38.66567266914655 38.67974440792369 38.55757330538542 38.66567266914655 38.67974440792369
 160277184 8 66126.108 66269.875 66674.948 38.46174644185699 38.696842932026044 38.78097504241442 38.46174644185699 38.696842932026044 38.78097504241442
 176304896 8 72769.165 72911.024 73446.989 38.40699767828467 38.68932544411939 38.76474789837152 38.40699767828467 38.68932544411939 38.76474789837152
 193935376 8 80545.902 80703.974 81905.127 37.884881321287736 38.44873879444896 38.52419476288191 37.884881321287736 38.44873879444896 38.52419476288191
 213328912 8 87965.965 88526.964 92603.922 36.858726048341666 38.55619167059654 38.80208205525854 36.858726048341666 38.55619167059654 38.80208205525854
 234661792 8 97404.003 98019.123 100589.037 37.32602263604532 38.30465481720337 38.546554108253645 37.32602263604532 38.30465481720337 38.546554108253645
 258127968 8 106683.969 107415.915 114591.122 36.041600919135774 38.449120765763624 38.712915602155746 36.041600919135774 38.449120765763624 38.712915602155746
 283940752 4 59134.007 60508.966 60741.901 37.39636031476855 37.540321148439396 38.413192868868165 37.39636031476855 37.540321148439396 38.413192868868165
 312334816 4 65397.978 70930.958 74937.82 33.34335757298518 35.22691076581822 38.20727497110079 33.34335757298518 35.22691076581822 38.20727497110079
 343568288 4 71045.16 72452.784 73548.079 37.37074225963128 37.93568931733527 38.68731246435365 37.37074225963128 37.93568931733527 38.68731246435365
 377925104 4 78068.018 81457.853 81830.978 36.94689842274646 37.116137004003775 38.727777513193686 36.94689842274646 37.116137004003775 38.727777513193686
 415717600 4 86484.909 88784.933 92887.878 35.80381930998575 37.45839172959673 38.454579399511196 35.80381930998575 37.45839172959673 38.454579399511196
 457289360 4 94360.113 95391.035 95625.877 38.25653677403659 38.35072006504594 38.7697170307543 38.25653677403659 38.35072006504594 38.7697170307543
 503018288 4 104294.062 106688.976 107807.875 37.327016268523984 37.71848277932671 38.58461571858233 37.327016268523984 37.71848277932671 38.58461571858233
 553320112 2 57425.022 57600.975 58379.889 37.91169332302087 38.42435736547862 38.54209142488443 37.91169332302087 38.42435736547862 38.54209142488443
 608652112 2 62834.978 63134.909 63421.965 38.38746478447964 38.56200138025066 38.746069872102126 38.38746478447964 38.56200138025066 38.746069872102126
 669517312 2 69147.11 69469.213 71138.859 37.64565928728207 38.550447491034625 38.73002426276384 37.64565928728207 38.550447491034625 38.73002426276384
 736469040 2 76902.151 77657.938 85361.004 34.510795585300286 37.9339992261963 38.30681094993039 34.510795585300286 37.9339992261963 38.30681094993039
 810115936 2 84036.827 84293.842 85081.1 38.08676361730161 38.442472986342224 38.56004396739063 38.08676361730161 38.442472986342224 38.56004396739063
 891127520 2 92218.876 92721.939 92812.061 38.40567746900912 38.443006244724884 38.652716608690824 38.40567746900912 38.443006244724884 38.652716608690824
 980240272 2 101413.012 104329.109 105251.074 37.25340691535366 37.582618365886745 38.663293897631206 37.25340691535366 37.582618365886745 38.663293897631206
 1078264288 1 55983.067 56457.996 61865.091 34.858569528330605 38.19704433008922 38.52108667072491 34.858569528330605 38.19704433008922 38.52108667072491
 1186090704 1 61288.118 63122.034 63184.977 37.54344023896692 37.58087719416646 38.705404659350116 37.54344023896692 37.58087719416646 38.705404659350116
 1304699760 1 67446.947 67892.075 71455.002 36.51808056768371 38.43452302790864 38.68817842859515 36.51808056768371 38.43452302790864 38.68817842859515
 1435169728 1 74369.907 74588.06 74656.01 38.44753364129693 38.482559487403215 38.5954423205074 38.44753364129693 38.482559487403215 38.5954423205074
 1578686688 1 81897.02 82422.972 82831.144 38.11819109971486 38.306958598872164 38.552970254595344 38.11819109971486 38.306958598872164 38.552970254595344
 1736555344 1 89912.891 90162.039 90904.951 38.20595742909536 38.52076468678797 38.627505459700984 38.20595742909536 38.52076468678797 38.627505459700984
 1910210864 1 98711.967 99051.952 99212.17 38.5075916392112 38.56987823924964 38.7027210996616 38.5075916392112 38.56987823924964 38.7027210996616
 2101231936 1 108479.023 109726.906 111310.959 37.75426884966466 38.29930164986152 38.73987574537798 37.75426884966466 38.29930164986152 38.73987574537798
 
META_DATA
 FLOPS          16
 OPENMP_THREADS 2
 ERT_VERSION  1.1.0
 HOSTNAME  Rezas-MacBook-Pro.local
 UNAME  uname_result(system='Darwin', node='Rezas-MacBook-Pro.local', release='21.6.0', version='Darwin Kernel Version 21.6.0: Wed Aug 10 14:28:23 PDT 2022; root:xnu-8020.141.5~2/RELEASE_ARM64_T6000', machine='arm64')
 TIMESTAMP_DATA  1705699061.8599381
 CONFIG  {'ERT_RESULTS': ['Results.MyMacBookPro'], 'ERT_DRIVER': ['driver1'], 'ERT_KERNEL': ['kernel1'], 'ERT_MPI': ['False'], 'ERT_OPENMP': ['True'], 'ERT_OPENMP_CFLAGS': ['-Xpreprocessor', '-fopenmp', '-I/opt/homebrew/opt/libomp/include'], 'ERT_OPENMP_LDFLAGS': ['-L/opt/homebrew/opt/libomp/lib', '-lomp'], 'ERT_FLOPS': ['1,2,4,8,16'], 'ERT_ALIGN': ['32'], 'ERT_CC': ['clang'], 'ERT_CFLAGS': ['-O3', '-std=c++11', '-Xpreprocessor', '-fopenmp', '-I/opt/homebrew/opt/libomp/include'], 'ERT_LD': ['clang'], 'ERT_LDFLAGS': ['-L/opt/homebrew/opt/libomp/lib', '-lomp', '-lc++'], 'ERT_LDLIBS': [], 'ERT_PRECISION': ['FP64'], 'ERT_RUN': ['export', 'OMP_NUM_THREADS=ERT_OPENMP_THREADS;', './ERT_CODE'], 'ERT_PROCS_THREADS': ['1-10'], 'ERT_OPENMP_THREADS': ['1,2,4,8,10'], 'ERT_NUM_EXPERIMENTS': ['3'], 'ERT_MEMORY_MAX': ['2147483648', '#', 'Adjusted', 'to', '2GB,', 'consider', 'your', "system's", 'RAM'], 'ERT_WORKING_SET_MIN': ['1'], 'ERT_TRIALS_MIN': ['1'], 'ERT_GNUPLOT': ['gnuplot'], 'ERT_GPU': [False], 'ERT_HIP': [False], 'ERT_OCL': [False], 'ERT_SYCL': [False], 'ERT_WSS_MULT': [1.1]}
 TIMESTAMP_DATA  1705699119.202943
 TIMESTAMP_DATA  1705699176.729356
 