fp64
 8 268435456 1181034.088 1184499.979 1221880.913 3.5150457383402967 3.6259749870371247 3.636615860320536 0.4393807172925371 0.4532468733796406 0.454576982540067
 16 134217728 721573.114 731160.879 733878.136 5.8524257438839955 5.874175464467103 5.952227449538816 0.7315532179854994 0.7342719330583879 0.744028431192352
 24 67108864 406821.012 445052.862 456559.181 7.055439045042443 7.237849134424844 7.918041047496337 0.8819298806303054 0.9047311418031055 0.9897551309370421
 32 67108864 570034.981 575129.986 578568.935 7.42343225876792 7.467820145966098 7.534567946102943 0.92792903234599 0.9334775182457623 0.9418209932628678
 40 33554432 340259.075 341649.055 343878.031 7.806124026573829 7.857052494993731 7.889149055025204 0.9757655033217286 0.9821315618742164 0.9861436318781505
 48 33554432 370640.039 372740.984 379472.017 8.488703587331974 8.641994334596703 8.690980825198976 1.0610879484164968 1.0802492918245878 1.086372603149872
 56 33554432 406419.039 415473.938 417733.908 8.996388160091614 9.045324002970313 9.24685121358205 1.1245485200114518 1.130665500371289 1.1558564016977562
 64 33554432 150330.067 150576.115 152542.114 28.155944501988483 28.523562956847442 28.570247999689908 3.5194930627485603 3.5654453696059303 3.5712809999612385
 72 16777216 73323.965 73832.989 75559.139 31.97388345041888 32.721404574315684 32.94856059679806 3.99673543130236 4.090175571789461 4.1185700745997575
 80 16777216 105931.044 106207.848 107178.211 25.045711576581553 25.274540540544614 25.340584389973543 3.130713947072694 3.1593175675680767 3.167573048746693
 88 16777216 131561.995 133234.024 135164.022 21.84597626134564 22.16243214270853 22.444095774011334 2.730747032668205 2.770304017838566 2.8055119717514168
 96 16777216 160380.125 161603.928 164482.117 19.584046769047845 19.932841434398796 20.084941771930904 2.4480058461309806 2.4916051792998495 2.510617721491363
 104 16777216 184703.112 185139.179 193790.913 18.007350674899808 18.84885169551281 18.893352094684793 2.250918834362476 2.3561064619391012 2.361669011835599
 112 16777216 211498.976 212210.894 214960.098 17.48276270324365 17.709252871815334 17.7688632591772 2.1853453379054564 2.2136566089769167 2.22110790739715
 120 16777216 236634.97 240494.013 241883.993 16.646541137594003 16.742752926660174 17.015793734966557 2.0808176421992504 2.0928441158325217 2.1269742168708197
 128 16777216 104117.87 105487.108 106204.987 40.440354236849544 40.71556588697076 41.25100999473001 5.055044279606193 5.089445735871345 5.1563762493412515
 136 8388608 51033.974 51156.044 52207.947 43.704100756921164 44.60277217683212 44.70945915362186 5.4630125946151455 5.575346522104015 5.588682394202732
 144 8388608 49746.037 49810.886 50014.973 48.30391698901847 48.50182957998378 48.56505662953614 6.0379896236273085 6.062728697497972 6.070632078692017
 152 8388608 56389.093 56409.836 56686.878 44.98636936752806 45.20730803046476 45.2239377568992 5.623296170941008 5.650913503808095 5.6529922196124
 160 8388608 80759.048 80795.05 81597.805 32.89738688436533 33.224245297205705 33.23905650794695 4.1121733605456665 4.153030662150713 4.1548820634933685
 176 8388608 104948.997 105506.897 108628.988 27.182339358624972 27.98670134332545 28.13547628282717 3.3977924198281215 3.4983376679156812 3.5169345353533963
 192 8388608 61501.98 62777.042 63473.94 50.74878717155418 51.31215758780096 52.37596370068085 6.343598396444272 6.41401969847512 6.546995462585106
 208 8388608 60488.939 60507.059 62114.0 56.18155211385517 57.673616693219216 57.690893338367204 7.022694014231896 7.209202086652402 7.2113616672959004
 224 8388608 64971.924 65253.019 66073.895 56.877173413191386 57.59268217153294 57.84185156653203 7.109646676648923 7.199085271441618 7.230231445816504
 240 8388608 82901.001 84539.89 84745.169 47.51340858143784 47.628780212512694 48.57036454843289 5.93917607267973 5.953597526564087 6.0712955685541115
 264 4194304 38035.87 38061.857 38985.968 56.80486148246979 58.18403742098026 58.223790122324004 7.100607685308724 7.2730046776225326 7.2779737652905006
 288 4194304 37821.054 38228.989 40179.014 60.12887981770781 63.1959977806371 63.877624986336976 7.5161099772134765 7.8994997225796375 7.984703123292122
 312 4194304 43256.998 43408.155 43440.104 60.24952647443017 60.29387095581464 60.50456150470728 7.531190809303771 7.53673386947683 7.56307018808841
 336 4194304 40100.098 40122.032 40582.895 69.45222335666296 70.24998853497749 70.28841395848957 8.68152791958287 8.781248566872186 8.786051744811196
 368 4194304 29411.077 29475.927 29475.927 104.72979336663441 104.72979336663441 104.9607174874963 13.091224170829301 13.091224170829301 13.120089685937037
 400 4194304 26592.016 26607.037 26698.112 125.68091706259978 126.11111864879956 126.182354884263 15.710114632824972 15.763889831099945 15.772794360532876
 440 4194304 28838.158 29172.897 29238.939 126.2353439021847 126.52111718627054 127.98971140944579 15.779417987773087 15.815139648283818 15.998713926180724
 480 4194304 29397.011 29540.777 29675.007 135.68764583610712 136.3041953838926 136.97079066984054 16.96095572951339 17.038024422986574 17.121348833730067
 528 2097152 15439.987 15456.915 15544.891 142.4643319789119 143.27519508258922 143.43227827847264 17.808041497363988 17.909399385323653 17.92903478480908
 576 2097152 15964.985 16069.889 16126.871 149.80705829419733 150.33825709685985 151.32611173765585 18.725882286774667 18.79228213710748 18.91576396720698
 632 2097152 19572.973 19752.026 19877.195 133.3588631595152 134.2039610518941 135.43165506844565 16.6698578949394 16.775495131486764 16.928956883555706
 688 2097152 20776.987 20897.865 21131.039 136.56125247793068 138.08497432632473 138.8883360229277 17.070156559741335 17.26062179079059 17.36104200286596
 752 2097152 22462.13 22680.044 22932.053 137.54183317123852 139.0701273771779 140.41930164236427 17.192729146404815 17.383765922147237 17.552412705295534
 824 2097152 24657.965 24838.924 25310.993 136.54566993874954 139.1407492530675 140.1618704544353 17.068208742343693 17.392593656633437 17.520233806804413
 904 2097152 25158.882 25274.992 25379.181 149.40004628202936 150.01590568258143 150.70823957916733 18.67500578525367 18.75198821032268 18.838529947395916
 992 2097152 28414.011 28748.035 32007.933 129.9911983694792 144.73161619568086 146.43302446810483 16.2488997961849 18.091452024460107 18.304128058513104
 1088 1048576 14847.994 15031.815 16428.947 138.88299572699333 151.7914753474547 153.67068278718324 17.360374465874166 18.97393441843184 19.208835348397905
 1192 1048576 17029.047 17238.855 17873.049 139.8645068337249 145.00993157608204 146.7965402878975 17.483063354215613 18.126241447010255 18.349567535987187
 1304 1048576 18208.027 18212.08 19361.973 141.24005895473564 150.1578187664451 150.191243016061 17.655007369341956 18.769727345805638 18.773905377007626
 1432 1048576 19960.88 20092.964 21059.99 142.59843732119532 149.46135692076092 150.45036411220346 17.824804665149415 18.682669615095115 18.806295514025432
 1568 1048576 22331.953 22482.872 22665.977 145.0779878581894 146.25953196726823 147.24795166817697 18.134748482273675 18.28244149590853 18.40599395852212
 1720 1048576 24593.115 25584.936 26375.055 136.76185471461577 140.98536107340664 146.67118988383535 17.09523183932697 17.62317013417583 18.33389873547942
 1888 1048576 26329.041 26641.13 30906.916 128.10799291653686 148.620684482978 150.3823468541828 16.013499114567107 18.57758556037225 18.79779335677285
 2072 524288 14305.115 14376.879 16505.003 131.63581200197297 151.12107933856853 151.8792034877035 16.45447650024662 18.890134917321067 18.98490043596294
 2272 524288 15774.965 15800.953 27667.999 86.10541991128451 150.7734800552853 151.02186737022873 10.763177488910564 18.84668500691066 18.87773342127859
 2496 524288 16869.068 16947.031 21602.869 121.15269022832106 154.43682707608195 155.15058069598152 15.144086278540133 19.304603384510244 19.39382258699769
 2744 524288 19005.06 19447.088 20531.893 140.1377137509922 147.95493001317215 151.39613050419203 17.517214218874024 18.494366251646518 18.924516313024004
 3016 524288 20475.149 23718.834 24064.064 131.4202462227494 133.33308104437177 154.45578520576333 16.427530777843675 16.66663513054647 19.306973150720417
 3312 524288 22672.892 23280.144 24298.191 142.92766535582834 149.17793085815964 153.17338926150222 17.865958169478542 18.647241357269955 19.146673657687778
 3640 524288 24975.061 25002.003 29931.068 127.520228813753 152.66043444599217 152.82511782453705 15.940028601719124 19.08255430574902 19.10313972806713
 4000 524288 27226.925 27240.992 35804.033 117.14613267170208 153.970310625986 154.04986057000562 14.64326658396276 19.24628882824825 19.256232571250703
 4400 262144 14979.124 15029.907 20781.994 111.00316937826084 153.48512801842355 154.00548122840829 13.875396172282604 19.185641002302944 19.250685153551036
 4840 262144 16438.961 16463.041 17369.032 146.0964502800156 154.13640286748966 154.36218383874748 18.26205628500195 19.267050358436208 19.295272979843435
 5320 262144 18017.054 18234.968 19986.153 139.55723044850103 152.95953137949022 154.80955765576326 17.44465380606263 19.119941422436277 19.351194706970407
 5848 262144 19697.189 20102.024 21301.031 143.93839547015355 152.52375701073683 155.6585675245336 17.992299433769194 19.065469626342104 19.4573209405667
 6432 262144 23051.977 23335.934 24362.087 138.42083463539063 144.50762570720332 146.28768786295424 17.30260432942383 18.063453213400415 18.28596098286928
 7072 262144 25158.882 25184.87 26100.874 142.05519462681596 147.22191283893864 147.37398649113263 17.756899328351995 18.40273910486733 18.42174831139158
 7776 262144 27462.959 27833.939 29981.136 135.9809544241419 146.4709500153751 148.44953480795715 16.99761930301774 18.30886875192189 18.556191850994644
 8552 131072 15028.0 15066.862 16381.025 136.8568504107649 148.793789177866 149.17856587702957 17.107106301345613 18.59922364723325 18.647320734628696
 9400 131072 16589.165 16915.083 17699.003 139.22555976740608 145.67788996364962 148.5399415823521 17.40319497092576 18.209736245456202 18.567492697794012
 10336 131072 17982.96 18628.836 19079.208 142.01430080326188 145.4476481515002 150.6715459523905 17.751787600407734 18.180956018937525 18.83394324404881
 11368 131072 20311.117 21013.975 21397.829 139.2689413491434 141.81291221675102 146.72029076490475 17.408617668642925 17.726614027093877 18.340036345613093
 12504 131072 21640.062 21652.937 24024.963 136.43511442660702 151.38124569429078 151.4713116810848 17.054389303325877 18.922655711786348 18.9339139601356
 13752 131072 23808.956 24261.951 26288.986 137.1298340681531 148.586743415647 151.41379101208807 17.141229258519136 18.573342926955874 18.92672387651101
 15120 131072 25876.999 26736.021 27177.095 145.8440381505087 148.25008104235104 153.17144310281108 18.23050476881359 18.53126013029388 19.146430387851385
 16632 65536 14300.108 14556.17 14563.084 149.69284692720305 149.7639491706953 152.4456671236329 18.71160586590038 18.720493646336912 19.05570839045411
 18288 65536 15635.014 15638.828 16842.842 142.3183056636166 153.27521576425033 153.31260566827763 17.789788207952075 19.15940197053129 19.164075708534703
 20112 65536 17112.97 17417.192 17508.984 150.55813998116622 151.35161075332925 154.0422301914863 18.819767497645778 18.918951344166157 19.25527877393579
 22120 65536 18985.033 18991.947 20013.094 144.870785096997 152.66010588593156 152.7157018900099 18.108848137124625 19.082513235741445 19.08946273625124
 24328 65536 20931.005 20966.053 21518.946 148.18196095663794 152.08964777490547 152.34431485731335 18.522745119579742 19.011205971863184 19.04303935716417
 26760 65536 22681.952 22907.972 23895.979 146.7814614333232 153.11205723492242 154.63778073421545 18.3476826791654 19.139007154365302 19.32972259177693
 29432 65536 25307.894 25473.833 26441.097 145.89830005918438 151.43818772777541 152.43113883755004 18.237287507398047 18.929773465971927 19.053892354693755
 32368 65536 27469.873 27655.125 27953.148 151.77319191384098 153.40876224569587 154.44332400080626 18.971648989230122 19.176095280711984 19.305415500100782
 35600 32768 15022.993 15089.989 15866.041 147.04875652344523 154.6112193985032 155.3007180393414 18.381094565430654 19.3264024248129 19.412589754917676
 39160 32768 16553.164 16856.194 16901.016 151.8482533831102 152.25203032191015 155.03922754586372 18.981031672888776 19.03150379023877 19.379903443232966
 43072 32768 18273.83 18293.142 19369.125 145.73536966693123 154.30736786496274 154.47044171911415 18.216921208366404 19.288420983120343 19.30880521488927
 47376 32768 20091.057 20470.858 20699.978 149.99211767278206 151.67090387711156 154.53808806574986 18.749014709097757 18.958862984638944 19.317261008218733
 52112 32768 21995.068 22387.028 22387.981 152.5466736817402 152.55316748609954 155.27171964187608 19.068334210217525 19.069145935762442 19.40896495523451
 57320 32768 24204.016 24518.013 24595.022 152.73511526031567 153.2148433072452 155.20248871096433 19.09188940753946 19.15185541340565 19.40031108887054
 63048 32768 26590.109 27137.041 27616.024 149.62015270554514 152.2610268378192 155.39288417358497 18.702519088193142 19.0326283547274 19.424110521698122
 69352 16384 14634.848 14954.09 15305.996 148.4729472031745 151.96687568417735 155.28185437935534 18.559118400396812 18.99585946052217 19.410231797419417
 76280 16384 16081.095 16561.985 16962.051 147.36089639159792 150.92049896192995 155.43363433895513 18.42011204894974 18.865062370241244 19.42920429236939
 83904 16384 17702.818 18182.039 19139.051 143.65217334966084 151.21330847436857 155.3067015658185 17.956521668707605 18.901663559296072 19.413337695727314
 92288 16384 19401.073 19992.113 20076.036 150.63198651367233 151.2643102807592 155.87247076489015 18.82899831420904 18.9080387850949 19.48405884561127
 101512 16384 21281.958 21810.055 23488.998 141.61290387950987 152.5142974650912 156.2988337821172 17.701612984938734 19.0642871831364 19.53735422276465
 111656 16384 23422.956 24148.941 25058.985 146.00526749187966 151.50742254080623 156.20333351606007 18.250658436484958 18.93842781760078 19.52541668950751
 122816 16384 25713.921 25978.088 26991.129 149.10212492408155 154.91650840508356 156.5080132275432 18.637765615510194 19.364563550635445 19.5635016534429
 135096 8192 16832.113 17285.109 18447.161 119.9866398954289 128.05316205989791 131.49940616487066 14.998329986928612 16.00664525748724 16.437425770608833
 148600 8192 22229.91 22587.061 23788.929 102.34434681779916 107.7901370169408 109.52191889215926 12.793043352224895 13.4737671271176 13.690239861519908
 163456 8192 24275.064 24368.048 24991.035 107.16095207741498 109.90060032711689 110.32156718515758 13.395119009676872 13.737575040889611 13.790195898144697
 179800 8192 26488.066 27276.039 28110.981 104.79332613828028 108.0011360887114 111.21397840068808 13.099165767285035 13.500142011088926 13.90174730008601
 197776 8192 29417.038 29515.028 30967.951 104.63598266478787 109.7868510915863 110.15255798357401 13.079497833098484 13.723356386448287 13.769069747946752
 217552 8192 32286.167 32342.911 34286.976 103.95702344820377 110.20566355328992 110.3993536303024 12.994627931025471 13.77570794416124 13.7999192037878
 239304 8192 35475.969 36278.963 37824.869 103.65552716124411 108.07245885170421 110.51866507155873 12.956940895155514 13.509057356463027 13.814833133944841
 263232 4096 19450.903 19544.84 20328.999 106.07490039229182 110.33073404540534 110.86356988156284 13.259362549036478 13.791341755675667 13.857946235195355
 289552 4096 21376.133 21382.809 22889.853 103.62713923938263 110.93070063900396 110.96534550940527 12.953392404922829 13.866337579875495 13.870668188675658
 318504 4096 23300.171 23470.163 24774.075 105.31915996863657 111.17028748372988 111.98135704669293 13.164894996079571 13.896285935466235 13.997669630836617
 350352 4096 25829.077 26013.136 28089.046 102.1780370896185 110.33208698866603 111.11831770062862 12.772254636202312 13.791510873583254 13.889789712578578
 385384 4096 28409.004 28848.886 30133.963 104.76769112645422 109.43458017755002 111.12905359160074 13.095961390806778 13.679322522193752 13.891131698950092
 423920 4096 31301.975 31763.077 33104.897 104.9014784731093 109.33300448190205 110.94356314577595 13.112684809138662 13.666625560237756 13.867945393221994
 466312 4096 34129.858 34559.011 35653.114 107.14429892435201 110.53637802308636 111.92627593118026 13.393037365544002 13.817047252885795 13.990784491397532
 512936 4096 38234.949 38300.991 40329.933 104.18990063782154 109.70921645343327 109.89871366115854 13.023737579727692 13.713652056679159 13.737339207644817
 564224 2048 20784.855 20946.98 21677.971 106.60875521975741 110.32910252456439 111.18968614406981 13.326094402469677 13.791137815570549 13.898710768008726
 620640 2048 23007.87 23427.01 23897.171 106.37834244061777 108.51326908555552 110.49008187198554 13.297292805077221 13.56415863569444 13.811260233998192
 682704 2048 25261.164 25337.934 25400.162 110.09203736574594 110.36241486776309 110.69781202481407 13.761504670718242 13.795301858470387 13.837226503101759
 750968 2048 27532.101 28263.092 28783.083 106.86711107354276 108.83327726492203 111.72285500478151 13.358388884192845 13.604159658115254 13.965356875597688
 826064 2048 30478.954 30766.01 33451.08 101.14944402392987 109.97715153833728 111.01293515518938 12.643680502991234 13.74714394229216 13.876616894398673
 908664 2048 33427.954 33859.015 35346.031 105.29860464389905 109.92309563642061 111.34057872641563 13.162325580487382 13.740386954552577 13.917572340801954
 999528 2048 36879.063 36980.867 40510.178 101.06266844840819 110.70769887574566 111.01330551700838 12.632833556051024 13.838462359468208 13.876663189626047
 1099480 1024 20044.088 20242.929 21676.064 103.88117695168273 111.23563393419992 112.33911166225174 12.985147118960342 13.90445424177499 14.042388957781467
 1209424 1024 22076.13 22254.944 29674.053 83.47024088687851 111.29663377270238 112.19812313118287 10.433780110859814 13.912079221587797 14.024765391397858
 1330360 1024 24642.944 24664.164 25769.949 105.72691781423394 110.46704360220764 110.56216659827658 13.215864726779243 13.808380450275955 13.820270824784572
 1463392 1024 26827.097 26859.999 28985.023 103.39915258994273 111.57955798881453 111.71640435042225 12.924894073742841 13.947444748601816 13.964550543802781
 1609728 1024 29624.224 29982.09 31123.877 105.92263116834705 109.9564087760393 111.28470214105862 13.240328896043382 13.744551097004912 13.910587767632327
 1770696 1024 32445.192 32618.046 34691.095 104.53361036888573 111.17727309600336 111.76957769274412 13.066701296110717 13.89715913700042 13.971197211593015
 1947760 1024 36468.029 36593.914 37646.055 105.9609693499093 109.0075382480267 109.38382439039961 13.245121168738663 13.625942281003338 13.672978048799951
 2142536 512 19580.841 19841.909 22900.105 95.80553731085513 110.57186402780094 112.04609975638941 11.975692163856891 13.821483003475118 14.005762469548676
 2356784 512 21456.003 21728.992 24586.916 98.15573518858565 111.06575104818484 112.47886272200836 12.269466898573206 13.883218881023105 14.059857840251045
 2592456 512 23895.025 24122.0 26997.089 98.33189585736447 110.0520248735594 111.09739136075396 12.291486982170559 13.756503109194925 13.887173920094245
 2851696 512 25971.889 26499.033 30001.879 97.33179391864088 110.19785906904603 112.43451348494521 12.16647423983011 13.774732383630754 14.054314185618152
 3136864 512 28589.01 29567.957 32485.008 98.88095874872495 108.6361406707944 112.35606745389225 12.360119843590619 13.5795175838493 14.044508431736531
 3450544 512 31934.977 33010.006 36808.014 95.99423256033319 107.03897042611867 110.64222955288179 11.999279070041649 13.379871303264833 13.830278694110223
 3795592 512 35116.911 38136.959 43282.986 89.79709043179231 101.91389953247189 110.67847647533691 11.224636303974039 12.739237441558986 13.834809559417113
 4175144 512 39084.911 41653.872 47054.052 90.86034622480547 102.63985677009812 109.38613768367031 11.357543278100684 12.829982096262265 13.67326721045879
 4592656 256 21547.079 21842.957 22063.017 106.57834656067209 107.6520853838608 109.13033140130037 13.322293320084011 13.4565106729826 13.641291425162546
 5051920 256 23874.998 26457.071 28210.878 91.6874348965672 97.76528323940317 108.33856572469661 11.4609293620709 12.220660404925397 13.542320715587076
 5557112 256 25816.917 25883.198 26441.813 107.60386755628294 109.92619010989291 110.20840885067724 13.450483444535367 13.740773763736614 13.776051106334656
 6112816 256 28686.047 28753.996 29476.881 106.17683030982823 108.846151053231 109.103976299 13.27210378872853 13.605768881653875 13.637997037375
 6724096 256 31467.915 31965.971 35742.044 96.32177588948186 107.70006492216362 109.40467940122502 12.040221986185232 13.462508115270452 13.675584925153128
 7396504 256 34471.989 35796.881 38052.797 99.51988675103173 105.7916204487201 109.85760200840166 12.439985843878967 13.223952556090012 13.732200251050207
 8136152 256 38969.994 42958.021 57368.994 72.61256531707703 96.97164178023938 106.89531602186031 9.076570664634628 12.121455222529923 13.361914502732539
 8949760 128 21574.02 21950.006 27048.111 84.7060469398399 104.37986030618852 106.19896338280951 10.588255867479987 13.047482538273565 13.274870422851189
 9844736 128 24489.164 24499.893 28737.068 87.70040200343333 102.8678948108059 102.91296248414196 10.962550250429166 12.858486851350737 12.864120310517745
 10829208 128 27141.094 27710.915 28932.81 95.81776702643124 100.04278992591908 102.14316519444647 11.977220878303905 12.505348740739885 12.767895649305808
 11912128 128 30783.892 31396.866 35438.061 86.0516823423268 97.12768045065388 99.06170304911412 10.75646029279085 12.140960056331735 12.382712881139264
 13103336 128 34183.979 39078.951 46059.847 72.82816236884156 85.83787256725493 98.12941951549878 9.103520296105195 10.729734070906867 12.266177439437348
 14413664 128 36638.975 36971.092 45224.19 81.5912453932287 99.80494987813722 100.70964004860944 10.198905674153588 12.475618734767153 12.58870500607618
 15855024 128 39242.983 39367.914 42553.902 95.38223178687583 103.10137702495489 103.4296027903893 11.92277897335948 12.88767212811936 12.928700348798662
 17440520 64 21054.983 21357.059 23527.145 94.88556983858433 104.52687141988979 106.02651923300058 11.860696229823041 13.065858927486223 13.253314904125073
 19184568 64 22630.215 28580.904 28719.187 85.50467337393638 85.91837067155049 108.51088705962361 10.688084171742048 10.739796333943811 13.563860882452952
 21103024 64 25074.005 25375.843 30039.072 89.92245406249567 106.44718569546636 107.7285847235015 11.24030675781196 13.305898211933295 13.466073090437687
 23213320 64 27173.042 27202.129 32149.076 92.42271721899566 109.23060323697456 109.3475275973886 11.552839652374457 13.65382540462182 13.668440949673576
 25534648 64 29947.042 30524.015 39248.943 83.27447044879654 107.07749108365988 109.14049354189973 10.409308806099567 13.384686385457485 13.642561692737466
 28088112 64 32982.826 33661.127 44305.086 81.1482080409459 106.80802030187522 109.00455697762223 10.143526005118238 13.351002537734402 13.625569622202779
 30896920 64 36764.86 37773.848 42031.05 94.09248067797498 104.6969257672663 107.57026573744602 11.761560084746872 13.087115720908287 13.446283217180753
 33986608 32 20595.789 21521.091 25308.132 85.94640299805612 101.07029016326358 105.61105049192338 10.743300374757014 12.633786270407947 13.201381311490422
 37385264 32 23521.9 27230.978 27878.046 85.8258464743189 87.86525757539815 101.72039231524664 10.728230809289862 10.983157196924768 12.71504903940583
 41123784 32 26434.898 28602.123 33030.033 79.68269895461502 92.01842031096781 99.56241087066043 9.960337369326878 11.502302538870977 12.445301358832554
 45236160 32 29815.912 33608.913 38104.057 75.97915990940281 86.14126377726052 97.09963726751005 9.497394988675351 10.767657972157565 12.137454658438756
 49759776 32 33093.929 33188.105 37018.061 86.02897012893246 95.95683947607131 96.22990561199308 10.753621266116557 11.994604934508914 12.028738201499134
 54735752 32 36681.89 37092.924 38870.096 90.12296054015405 94.44087308943344 95.49911762998035 11.265370067519257 11.80510913617918 11.937389703747543
 60209320 32 40323.973 42210.102 44112.921 87.35301115063317 91.29085923554508 95.56093294676097 10.919126393829146 11.411357404443136 11.945116618345121
 66230248 32 45801.878 47448.874 55312.872 76.63199755745823 89.33269674639698 92.54502341585209 9.57899969468228 11.166587093299622 11.56812792698151
 72853272 16 26135.206 27126.074 28894.901 80.68221808408342 85.94331431817224 89.20169613356023 10.085277260510427 10.74291428977153 11.15021201669503
 80138592 16 28905.153 31471.014 35730.839 71.77091318790471 81.48561543012246 88.71895416018036 8.971364148488089 10.185701928765308 11.089869270022545
 88152448 16 31455.994 32261.133 34869.909 80.89720956828423 87.43891096447231 89.67697336157934 10.112151196035528 10.92986387055904 11.209621670197418
 96967688 16 33451.08 35367.966 42065.859 73.76447527197769 87.73379888456124 92.76131042704749 9.220559408997211 10.966724860570155 11.595163803380936
 106664456 16 37837.029 38582.802 41078.091 83.09204514883616 88.46590747867404 90.20958257584125 10.38650564360452 11.058238434834255 11.276197821980157
 117330896 16 39529.8 45082.092 56025.982 67.01513365709502 83.28337274144243 94.9812210534837 8.376891707136878 10.410421592680304 11.872652631685462
 129063984 16 43148.994 46293.02 51699.162 79.8861592379389 89.21533933193385 95.71596241618055 9.985769904742362 11.151917416491731 11.964495302022568
 141970376 8 24008.989 24350.882 28138.161 80.72759324960862 93.28311048445802 94.6114813914072 10.090949156201077 11.660388810557253 11.8264351739259
 156167408 8 26976.824 28507.948 31404.018 79.56556794738815 87.64848764281456 92.62315415632322 9.945695993423518 10.95606095535182 11.577894269540403
 171784144 8 29354.095 29608.011 37784.1 72.74346362623432 92.83117005056504 93.63416940634689 9.09293295327929 11.60389625632063 11.70427117579336
 188962552 8 31754.971 32285.929 37309.885 81.0348472529465 93.64453573567607 95.21031626827812 10.129355906618313 11.705566966959509 11.901289533534765
 207858800 8 35022.02 35166.025 41574.001 79.995687689525 94.57255404897198 94.9614214142988 9.999460961190625 11.821569256121498 11.87017767678735
 228644680 8 41106.939 43232.203 44935.942 81.4117767910596 84.62013559660606 88.99506917797991 10.17647209888245 10.577516949575758 11.12438364724749
 251509144 8 46395.063 47668.934 49733.162 80.91474867413419 84.41863424090835 86.73651987497033 10.114343584266773 10.552329280113543 10.84206498437129
 276660056 4 23139.0 26047.945 26651.859 83.04413016743034 84.96948408022206 95.65151683305241 10.380516270928792 10.621185510027757 11.956439604131551
 304326056 4 27458.906 28892.04 30694.962 79.31622290328947 84.26571637032207 88.66370888920339 9.914527862911184 10.533214546290258 11.082963611150424
 334758656 4 29795.885 30399.084 31560.183 84.85594801525707 88.09703766074004 89.88050692234852 10.606993501907134 11.012129707592505 11.235063365293565
 368234520 4 30757.904 32218.218 33982.038 86.68921387234045 91.43510544251703 95.77623234665145 10.836151734042556 11.429388180314628 11.972029043331432
 405057968 4 34322.023 36026.955 37480.831 86.45656079503681 89.9455350584028 94.41354153279367 10.807070099379601 11.24319188230035 11.801692691599209
 445563760 4 38108.826 38476.944 38758.993 91.96601366810535 92.64015562150672 93.5350272926277 11.495751708513168 11.58001945268834 11.691878411578463
 490120136 4 42137.146 43914.08 45866.966 85.48551234018835 89.28710536575056 93.05236496083526 10.685689042523544 11.16088817071882 11.631545620104408
 539132144 2 22850.037 24621.01 26602.03 81.06631621722101 87.58895658626514 94.37746538441053 10.133289527152627 10.948619573283143 11.797183173051316
 593045352 2 25331.02 25810.003 26209.116 90.50978323725225 91.90938133560077 93.6472912658077 11.313722904656531 11.488672666950096 11.705911408225962
 652349880 2 27972.937 28732.061 29955.149 87.11021667760691 90.81838995121164 93.2830013523428 10.888777084700864 11.352298743901455 11.66037516904285
 717584864 2 30230.999 31610.012 42622.089 67.3439412132052 90.80475692321787 94.94689394816227 8.41799265165065 11.350594615402233 11.868361743520284
 789343344 2 34654.856 35207.033 58407.068 54.058070095215186 89.68018906904196 91.10911832962168 6.757258761901898 11.210023633630245 11.38863979120271
 868277672 2 37017.107 37682.056 39664.03 87.56323268210518 92.16882136155203 93.82447655890559 10.945404085263148 11.521102670194004 11.728059569863198
 955105432 2 40373.087 42423.01 44879.913 85.12542633493963 90.05541398406194 94.62793191910244 10.640678291867454 11.256926748007743 11.828491489887805
 1050615968 2 43848.991 44662.952 52749.872 79.66775487151892 94.09283721326796 95.83946577014736 9.958469358939865 11.761604651658494 11.97993322126842
 1155677560 1 25213.957 26821.136 28158.903 82.0825697648804 86.17663025160456 91.66967009581242 10.26032122061005 10.77207878145057 11.458708761976553
 1271245312 1 26587.009 27734.995 30420.78 83.57743042749068 91.67085207695189 95.62905793577609 10.447178803436335 11.458856509618986 11.953632241972011
 1398369840 1 29464.006 32868.147 36215.782 77.22433495982497 85.08966690455655 94.92055085788402 9.653041869978122 10.636208363069569 11.865068857235503
 1538206824 1 35065.174 35459.995 57367.802 53.6261376721388 86.75730631095689 87.73416176403403 6.70326720901735 10.844663288869612 10.966770220504253
 1692027504 1 36325.932 37317.038 39984.941 84.6332374980871 90.68391247987044 93.1581055649171 10.579154687260887 11.335489059983805 11.644763195614637
 1861230248 1 38882.971 40567.875 46067.953 80.8036878912332 91.75882384768735 95.7349811566611 10.10046098640415 11.469852980960919 11.966872644582638
 2047353272 1 43559.074 45586.824 49310.207 83.03973544463116 89.82215001422341 94.003525970272 10.379966930578895 11.227768751777926 11.750440746284
 
META_DATA
 FLOPS          2
 OPENMP_THREADS 1
 ERT_VERSION  1.1.0
 HOSTNAME  Rezas-MacBook-Pro.local
 UNAME  uname_result(system='Darwin', node='Rezas-MacBook-Pro.local', release='21.6.0', version='Darwin Kernel Version 21.6.0: Wed Aug 10 14:28:23 PDT 2022; root:xnu-8020.141.5~2/RELEASE_ARM64_T6000', machine='arm64')
 TIMESTAMP_DATA  1705697534.219418
 CONFIG  {'ERT_RESULTS': ['Results.MyMacBookPro'], 'ERT_DRIVER': ['driver1'], 'ERT_KERNEL': ['kernel1'], 'ERT_MPI': ['False'], 'ERT_OPENMP': ['True'], 'ERT_OPENMP_CFLAGS': ['-Xpreprocessor', '-fopenmp', '-I/opt/homebrew/opt/libomp/include'], 'ERT_OPENMP_LDFLAGS': ['-L/opt/homebrew/opt/libomp/lib', '-lomp'], 'ERT_FLOPS': ['1,2,4,8,16'], 'ERT_ALIGN': ['32'], 'ERT_CC': ['clang'], 'ERT_CFLAGS': ['-O3', '-std=c++11', '-Xpreprocessor', '-fopenmp', '-I/opt/homebrew/opt/libomp/include'], 'ERT_LD': ['clang'], 'ERT_LDFLAGS': ['-L/opt/homebrew/opt/libomp/lib', '-lomp', '-lc++'], 'ERT_LDLIBS': [], 'ERT_PRECISION': ['FP64'], 'ERT_RUN': ['export', 'OMP_NUM_THREADS=ERT_OPENMP_THREADS;', './ERT_CODE'], 'ERT_PROCS_THREADS': ['1-10'], 'ERT_OPENMP_THREADS': ['1,2,4,8,10'], 'ERT_NUM_EXPERIMENTS': ['3'], 'ERT_MEMORY_MAX': ['2147483648', '#', 'Adjusted', 'to', '2GB,', 'consider', 'your', "system's", 'RAM'], 'ERT_WORKING_SET_MIN': ['1'], 'ERT_TRIALS_MIN': ['1'], 'ERT_GNUPLOT': ['gnuplot'], 'ERT_GPU': [False], 'ERT_HIP': [False], 'ERT_OCL': [False], 'ERT_SYCL': [False], 'ERT_WSS_MULT': [1.1]}
 TIMESTAMP_DATA  1705697571.4800699
 TIMESTAMP_DATA  1705697607.021277
 