fp64
 8 268435456 2953733.921 3044775.963 3099783.182 1.3855702298600316 1.410602076537741 1.4540806351798674 0.6927851149300158 0.7053010382688705 0.7270403175899337
 16 134217728 1671646.118 1700800.896 1730318.069 2.48218369382352 2.5252616611979963 2.5693041426367254 1.24109184691176 1.2626308305989982 1.2846520713183627
 24 67108864 990320.921 995047.808 1001831.055 3.215338011257796 3.2372569901686576 3.2527086964367986 1.607669005628898 1.6186284950843288 1.6263543482183993
 32 67108864 1312743.902 1340558.052 1362733.841 3.1517286551336183 3.2038652034443937 3.2717480457966737 1.5758643275668092 1.6019326017221969 1.6358740228983368
 40 33554432 772441.864 785660.028 818160.057 3.28096505938324 3.416687198448131 3.4751541638349113 1.64048252969162 1.7083435992240654 1.7375770819174556
 48 33554432 832876.921 841617.107 900263.071 3.5780935326180896 3.827423949926912 3.86758882468782 1.7890467663090448 1.913711974963456 1.93379441234391
 56 33554432 926319.122 955767.87 964052.916 3.898226250476898 3.93201791142027 4.057021273495852 1.949113125238449 1.966008955710135 2.028510636747926
 64 33554432 414489.031 426186.085 428271.055 10.028619132338982 10.077680729533908 10.36207709921279 5.014309566169491 5.038840364766954 5.181038549606395
 72 16777216 208664.894 211480.141 215565.92 11.207333255646345 11.423858016058348 11.577985437262868 5.603666627823173 5.711929008029174 5.788992718631434
 80 16777216 212749.004 216045.141 221611.023 12.112910827544892 12.42497076108738 12.617471807294573 6.056455413772446 6.21248538054369 6.308735903647286
 88 16777216 243260.145 246245.146 251029.968 11.762699248720773 11.99126181354251 12.138404406525368 5.881349624360387 5.995630906771255 6.069202203262684
 96 16777216 328419.924 332456.827 336220.026 9.5807067482649 9.689154231144725 9.808252291051623 4.79035337413245 4.8445771155723625 4.904126145525812
 104 16777216 512176.037 512640.953 527731.895 6.612563995208211 6.807222301648617 6.813401400893732 3.3062819976041053 3.4036111508243083 3.406700700446866
 112 16777216 500181.913 500545.025 509571.791 7.375008684497607 7.508008663156726 7.513459176201758 3.6875043422488036 3.754004331578363 3.756729588100879
 120 16777216 498506.069 499523.878 516479.969 7.796104557154665 8.060739470796628 8.077197230672029 3.8980522785773326 4.030369735398314 4.0385986153360145
 128 16777216 222434.998 224042.177 227907.896 18.845188654630906 19.170351553939774 19.30886476776465 9.422594327315453 9.585175776969887 9.654432383882325
 136 8388608 110313.892 111330.986 113644.838 20.077474843160058 20.494755844522924 20.68371747775883 10.038737421580029 10.247377922261462 10.341858738879415
 144 8388608 112278.938 113085.032 114857.912 21.033980697820798 21.36373896060798 21.51711752029575 10.516990348910399 10.68186948030399 10.758558760147874
 152 8388608 111731.052 114374.876 116110.086 21.963094851208705 22.29630248517166 22.823886344505198 10.981547425604353 11.14815124258583 11.411943172252599
 160 8388608 171800.852 173738.003 176295.996 15.226406843635859 15.45058947178068 15.624803537062785 7.613203421817929 7.72529473589034 7.812401768531393
 176 8388608 215519.19 218600.035 225445.986 13.097549743023588 13.507728926026932 13.70082179688964 6.548774871511794 6.753864463013466 6.85041089844482
 192 8388608 122230.053 122457.981 125842.094 25.597360705075364 26.304740987032933 26.353792647050557 12.798680352537682 13.152370493516466 13.176896323525279
 208 8388608 127899.885 129511.118 132320.166 26.372857845417155 26.94487532722866 27.284316385429122 13.186428922708577 13.47243766361433 13.642158192714561
 224 8388608 134914.16 136682.987 138154.984 27.20203263893831 27.494982854010935 27.855462940287364 13.601016319469155 13.747491427005468 13.927731470143682
 240 8388608 148761.034 148896.933 155254.841 25.934984146484684 27.042409530356142 27.067113824981877 12.967492073242342 13.521204765178071 13.533556912490939
 264 4194304 66560.03 67511.082 69855.928 31.70228462214402 32.80339236749309 33.27210808048013 15.85114231107201 16.401696183746544 16.636054040240065
 288 4194304 71162.939 71521.044 75463.057 32.01459363089412 33.77913644549149 33.94911927400862 16.00729681544706 16.889568222745744 16.97455963700431
 312 4194304 77559.948 77914.0 81488.848 32.117838946502225 33.5914687475935 33.744809834065386 16.058919473251112 16.79573437379675 16.872404917032693
 336 4194304 85759.878 87159.872 89561.939 31.47064835208626 32.33795809154011 32.86586167951405 15.73532417604313 16.168979045770055 16.432930839757024
 368 4194304 96003.056 97477.913 100938.082 30.583182113565424 31.668791924176713 32.15530705605872 15.291591056782712 15.834395962088356 16.07765352802936
 400 4194304 90069.056 90223.074 95659.971 35.07677417129887 37.190521794901386 37.2541175517594 17.538387085649436 18.595260897450693 18.6270587758797
 440 4194304 102051.02 105134.01 129559.04 28.488845857456187 35.10745495201791 36.16806103456879 14.244422928728094 17.553727476008955 18.084030517284393
 480 4194304 116631.031 118053.913 122179.031 32.95599749845781 34.107567785576066 34.52367526443284 16.477998749228906 17.053783892788033 17.26183763221642
 528 2097152 57646.99 57719.946 59519.053 37.208127488184324 38.36788953336858 38.41644658290051 18.604063744092162 19.18394476668429 19.208223291450256
 576 2097152 66462.04 67065.001 68897.009 35.06566016530557 36.02354533626265 36.35036035607694 17.532830082652787 18.011772668131325 18.17518017803847
 632 2097152 76642.036 79891.205 81496.954 32.526370592942655 33.18012449555618 34.5867655185987 16.263185296471327 16.59006224777809 17.29338275929935
 688 2097152 77465.057 78208.923 79813.957 36.155094427908146 36.89708336732882 37.25139132086355 18.077547213954073 18.44854168366441 18.625695660431774
 752 2097152 88379.86 89109.898 91485.023 34.47686303800787 35.39580539077712 35.68818289596747 17.238431519003935 17.69790269538856 17.844091447983736
 824 2097152 92078.924 92700.005 97702.026 35.37394911339914 37.28270021128909 37.5341755296793 17.68697455669957 18.641350105644545 18.76708776483965
 904 2097152 97327.948 99597.931 102366.209 37.04006285902412 38.06957411595227 38.95747207163969 18.52003142951206 19.034787057976136 19.478736035819846
 992 2097152 114131.927 114938.974 118099.928 35.23075448445658 36.19964075893004 36.45561480794064 17.61537724222829 18.09982037946502 18.22780740397032
 1088 1048576 60525.894 61280.966 63055.992 36.18532202300457 37.2334433500934 37.697937613280025 18.092661011502283 18.6167216750467 18.848968806640013
 1192 1048576 64966.917 65456.152 68725.109 36.373971905959436 38.190530723529236 38.47812547423175 18.186985952979718 19.095265361764618 19.239062737115876
 1304 1048576 70402.145 70607.901 73588.133 37.16205448506215 38.73059769897422 38.84379102369679 18.581027242531075 19.36529884948711 19.421895511848394
 1432 1048576 77344.179 77531.815 77963.114 38.51977569803074 38.73405600010783 38.82802433005333 19.25988784901537 19.367028000053914 19.414012165026666
 1568 1048576 84424.973 85239.887 85366.964 38.51998691203309 38.57741313054533 38.94978250096687 19.259993456016545 19.288706565272665 19.474891250483434
 1720 1048576 93984.842 96081.972 97087.86 37.15296062762121 37.54191722875963 38.37960849048403 18.576480313810606 18.770958614379815 19.189804245242016
 1888 1048576 106341.124 106997.013 107264.042 36.91286382812238 37.00498607377011 37.23322480586156 18.45643191406119 18.502493036885056 18.61661240293078
 2072 524288 55799.007 57382.822 73894.978 29.401855590240515 37.862367103520974 38.93706337820671 14.700927795120258 18.931183551760487 19.468531689103354
 2272 524288 62605.858 62985.897 66848.04 35.63851194440406 37.82377937715168 38.05338267227326 17.81925597220203 18.91188968857584 19.02669133613663
 2496 524288 68383.932 68738.937 69951.057 37.41538453092996 38.07515522097759 38.27281671957676 18.70769226546498 19.037577610488796 19.13640835978838
 2744 524288 74579.0 74840.069 77865.839 36.951923731278356 38.44588310040173 38.58046560023599 18.475961865639178 19.222941550200865 19.290232800117995
 3016 524288 83212.137 83666.086 85562.944 36.9611547727951 37.79912945850007 38.005335880269485 18.48057738639755 18.899564729250034 19.002667940134742
 3312 524288 91484.07 91893.911 97445.011 35.63942039064473 37.79231588042868 37.96162230211227 17.819710195322365 18.89615794021434 18.980811151056134
 3640 524288 97907.066 99823.952 103084.803 37.02598762302529 38.2354791964157 38.98407741071517 18.512993811512644 19.11773959820785 19.492038705357587
 4000 524288 107193.947 109714.031 112316.847 37.34349843349858 38.22942208731716 39.128179504389365 18.67174921674929 19.11471104365858 19.564089752194683
 4400 262144 59043.169 59334.04 63707.113 36.21051231751783 38.87932121257882 39.07085678277194 18.105256158758916 19.43966060628941 19.53542839138597
 4840 262144 65454.006 66144.943 69155.931 36.69322187275594 38.36353627215311 38.76850440597937 18.34661093637797 19.181768136076556 19.384252202989686
 5320 262144 71681.023 72068.214 74553.013 37.41246728686874 38.70239048798961 38.911444665068466 18.70623364343437 19.351195243994805 19.455722332534233
 5848 262144 78812.838 85183.859 103031.158 29.75833993829323 35.993159502200996 38.90275114823297 14.879169969146615 17.996579751100498 19.451375574116486
 6432 262144 85860.968 86467.981 90692.997 37.18280934083588 38.99964330148983 39.275359858509866 18.59140467041794 19.499821650744916 19.637679929254933
 7072 262144 95821.142 96989.87 97719.193 37.943055219459296 38.228371024726606 38.69464148110445 18.971527609729648 19.114185512363303 19.347320740552224
 7776 262144 104837.894 105755.091 108007.193 37.74622203171228 38.5500447255064 38.88730813306875 18.87311101585614 19.2750223627532 19.443654066534375
 8552 131072 57406.187 57580.948 58686.972 38.20022419967416 38.93398017691546 39.052506448477416 19.10011209983708 19.46699008845773 19.526253224238708
 9400 131072 62995.911 63206.911 65313.101 37.72832038705374 38.98550903713677 39.11608802672922 18.86416019352687 19.492754518568386 19.55804401336461
 10336 131072 69848.061 70204.02 70704.937 38.3215161340148 38.59494632928428 38.79163351435053 19.1607580670074 19.29747316464214 19.395816757175265
 11368 131072 76333.046 77189.922 77802.181 38.3029492707923 38.606762577114665 39.04014248298175 19.15147463539615 19.303381288557333 19.520071241490875
 12504 131072 84085.941 84826.946 85991.859 38.118126693830405 38.64159598531344 38.98212396766779 19.059063346915202 19.32079799265672 19.491061983833895
 13752 131072 92602.015 93449.831 94671.011 38.079283720757985 38.57689467624612 38.93008470712004 19.039641860378993 19.28844733812306 19.46504235356002
 15120 131072 101505.995 103301.048 103638.172 38.244762557178255 38.36957472106188 39.048110212603696 19.122381278589128 19.18478736053094 19.524055106301848
 16632 65536 56021.929 57026.863 58096.886 37.52334512386774 38.22741405221606 38.91314602894163 18.76167256193387 19.11370702610803 19.456573014470816
 18288 65536 61811.209 61905.146 62999.964 38.04835088477193 38.72125163875714 38.78009789454207 19.024175442385964 19.36062581937857 19.390048947271033
 20112 65536 67207.098 68608.046 70713.043 37.27912068499159 38.42289961151204 39.22383412537766 18.639560342495795 19.21144980575602 19.61191706268883
 22120 65536 76164.007 76514.006 79504.967 36.467062994944705 37.89257407330104 38.066703081942634 18.233531497472352 18.94628703665052 19.033351540971317
 24328 65536 81965.923 83112.955 83279.848 38.289210326128355 38.36609606769486 38.90299162494639 19.144605163064178 19.18304803384743 19.451495812473194
 26760 65536 91443.062 92329.025 93677.998 37.441947894744715 37.98899338534118 38.35705676609998 18.720973947372357 18.99449669267059 19.17852838304999
 29432 65536 98866.94 100821.018 103881.121 37.13582474721273 38.26296520830607 39.01922223950696 18.567912373606365 19.131482604153035 19.50961111975348
 32368 65536 108221.054 109392.166 113173.962 37.486877909249124 38.7828365698509 39.20252427036979 18.743438954624562 19.39141828492545 19.601262135184896
 35600 32768 59507.132 59545.04 62487.841 37.33656920551952 39.18179583051754 39.206755922970714 18.66828460275976 19.59089791525877 19.603377961485357
 39160 32768 65506.935 66735.983 67790.985 37.85739003497294 38.4558621096508 39.17737503670413 18.92869501748647 19.2279310548254 19.588687518352064
 43072 32768 71972.132 74215.889 74532.986 37.87271573957871 38.034531823771594 39.220271979715704 18.936357869789354 19.017265911885797 19.610135989857852
 47376 32768 79627.037 80462.933 81779.003 37.96614561319609 38.58712851046581 38.99220230937389 18.983072806598045 19.293564255232905 19.496101154686944
 52112 32768 87754.011 88651.18 88953.018 38.39343631938379 38.52415762542586 38.918016317225664 19.196718159691894 19.26207881271293 19.459008158612832
 57320 32768 96812.963 97218.037 97594.976 38.49095182932367 38.640191017228624 38.80186499405043 19.245475914661835 19.320095508614312 19.400932497025217
 63048 32768 105966.806 108150.005 108191.013 38.19091450784364 38.2053956261953 38.99252873583828 19.09545725392182 19.10269781309765 19.49626436791914
 69352 16384 58696.032 58866.024 60695.887 37.44119162473068 38.60505910845958 38.716864812939995 18.72059581236534 19.30252955422979 19.358432406469998
 76280 16384 63889.98 64288.139 65153.122 38.36413303417754 38.88031414317343 39.12261421900586 19.18206651708877 19.440157071586714 19.56130710950293
 83904 16384 69835.901 70991.993 72111.845 38.12641698461605 38.727836137802186 39.36895253918182 19.063208492308025 19.363918068901093 19.68447626959091
 92288 16384 77374.22 79293.013 79685.926 37.95015425936067 38.13820498913314 39.08398926670924 18.975077129680336 19.06910249456657 19.54199463335462
 101512 16384 85426.092 88023.901 88402.987 37.627068144201964 37.78911384534071 38.938281479621 18.813534072100982 18.894556922670354 19.4691407398105
 111656 16384 94095.945 94455.957 96953.869 37.736955169885995 38.734918624560656 38.88311879964647 18.868477584942998 19.367459312280328 19.441559399823234
 122816 16384 104331.017 106062.889 107023.001 37.60345580292595 37.94385317940944 38.57371282022488 18.801727901462975 18.97192658970472 19.28685641011244
 135096 8192 56948.9 57228.804 57460.785 38.520407683257375 38.67655287711412 38.8666482407913 19.260203841628687 19.33827643855706 19.43332412039565
 148600 8192 62314.987 63799.143 63890.934 38.106539497450456 38.16136527100372 39.070254479873356 19.053269748725228 19.08068263550186 19.535127239936678
 163456 8192 68705.082 68770.885 69204.092 38.69804554331844 38.94181533362556 38.9791122583916 19.34902277165922 19.47090766681278 19.4895561291958
 179800 8192 75282.097 75711.966 78194.857 37.67310681315013 38.908555088901004 39.13072719002501 18.836553406575064 19.454277544450502 19.565363595012506
 197776 8192 82823.038 83127.975 84890.842 38.17092524538748 38.98040321564431 39.123920858831575 19.08546262269374 19.490201607822154 19.561960429415787
 217552 8192 91299.057 91406.107 93390.942 38.16614215113068 38.99489962962759 39.040621942020714 19.08307107556534 19.497449814813795 19.520310971010357
 239304 8192 100383.997 100389.957 102746.01 38.15969823061742 39.05526860620132 39.05758739612649 19.07984911530871 19.52763430310066 19.528793698063247
 263232 4096 55212.021 56619.883 56666.136 38.05441302720906 38.08549982344542 39.056649348155545 19.02720651360453 19.04274991172271 19.528324674077773
 289552 4096 60745.001 61103.821 61892.986 38.32437465531232 38.81933969399393 39.04864507286781 19.16218732765616 19.409669846996966 19.524322536433903
 318504 4096 66828.966 67079.067 69984.913 37.28210347278706 38.897153533754434 39.04272240273776 18.64105173639353 19.448576766877217 19.52136120136888
 350352 4096 73378.086 73486.09 74693.203 38.42496329953878 39.0561476872698 39.113633789793866 19.21248164976939 19.5280738436349 19.556816894896933
 385384 4096 80800.056 81092.119 81745.863 38.620495424948906 38.93184401803583 39.07256856356634 19.310247712474453 19.465922009017916 19.53628428178317
 423920 4096 88827.848 89349.031 90294.838 38.46014586127282 38.86726695446758 39.095314343312694 19.23007293063641 19.43363347723379 19.547657171656347
 466312 4096 96774.817 97666.025 97795.01 39.06158303987085 39.113170665029116 39.473367374076254 19.530791519935423 19.556585332514558 19.736683687038127
 512936 4096 107001.066 107652.903 107951.88 38.92448850358141 39.03259080714246 39.27037242787843 19.462244251790704 19.51629540357123 19.635186213939214
 564224 2048 59076.071 59157.133 59275.15 38.988707814320165 39.06648931076494 39.12009490272296 19.494353907160082 19.53324465538247 19.56004745136148
 620640 2048 64899.921 65464.02 65868.855 38.5939825430395 38.83265097377155 39.170177726410486 19.29699127151975 19.416325486885775 19.585088863205243
 682704 2048 71084.023 71393.013 72274.923 38.69053702070358 39.16847694885772 39.33873556931352 19.34526851035179 19.58423847442886 19.66936778465676
 750968 2048 79269.886 79711.914 80226.183 38.341160117264955 38.588521761000486 38.8037006638309 19.170580058632478 19.294260880500243 19.40185033191545
 826064 2048 86512.089 88103.056 94038.963 35.98038553445129 38.40454914526461 39.110813102663606 17.990192767225643 19.202274572632305 19.555406551331803
 908664 2048 94835.043 98227.024 98509.073 37.78218219554253 37.89066992399159 39.24591191464952 18.891091097771266 18.945334961995794 19.62295595732476
 999528 2048 104657.888 105213.165 107008.934 38.25911103833629 38.91211416366003 39.11856780446401 19.129555519168147 19.456057081830014 19.559283902232004
 1099480 1024 57791.948 58015.108 58211.803 38.68176081060399 38.81290783773081 38.962781458759615 19.340880405301995 19.406453918865406 19.481390729379807
 1209424 1024 63461.065 63575.029 65469.027 37.83316272594062 38.96027089503962 39.03023612982228 18.91658136297031 19.48013544751981 19.51511806491114
 1330360 1024 69352.865 69637.06 70315.123 38.74809804428558 39.12539214033447 39.28572064038018 19.37404902214279 19.562696070167235 19.64286032019009
 1463392 1024 76464.176 76892.853 77929.974 38.45794707951526 38.97666296762327 39.19517573824375 19.22897353975763 19.488331483811635 19.597587869121874
 1609728 1024 84299.088 84684.849 85263.014 38.66533435001488 38.92931242045433 39.107456820885176 19.33266717500744 19.464656210227165 19.553728410442588
 1770696 1024 92910.051 92991.114 96695.9 37.50299038532141 38.99711759555865 39.03114215274728 18.751495192660705 19.498558797779324 19.51557107637364
 1947760 1024 102484.941 103614.092 106400.013 37.490714216360104 38.49874474603319 38.92291336734047 18.745357108180052 19.249372373016595 19.461456683670235
 2142536 512 56595.802 56881.189 59461.117 36.897336859648966 38.570868551991765 38.765363975229114 18.448668429824483 19.285434275995883 19.382681987614557
 2356784 512 61538.935 63596.964 64544.201 37.39060641559418 37.94751611098919 39.21658403740656 18.69530320779709 18.973758055494596 19.60829201870328
 2592456 512 68114.996 69226.98 70909.023 37.437759423084984 38.3474036278919 38.97342875862461 18.718879711542492 19.17370181394595 19.486714379312303
 2851696 512 75352.907 76567.888 78979.015 36.97357714577727 38.137877121542125 38.7528075592359 18.486788572888635 19.068938560771063 19.37640377961795
 3136864 512 83525.896 83761.93 98430.872 32.63354952295861 38.3485520928183 38.4569204262113 16.316774761479305 19.17427604640915 19.22846021310565
 3450544 512 91557.98 92784.882 94507.933 37.386883236563854 38.081172059905185 38.591470191893706 18.693441618281927 19.040586029952593 19.295735095946853
 3795592 512 100200.891 104051.113 146584.988 26.514899383830492 37.35362454027762 38.78893859337039 13.257449691915246 18.67681227013881 19.394469296685195
 4175144 512 111106.873 111267.09 115709.066 36.94911387496638 38.42418684626335 38.47959483118564 18.47455693748319 19.212093423131677 19.23979741559282
 4592656 256 60796.022 61356.068 62282.085 37.75467491173425 38.32448767740462 38.67752847382021 18.877337455867124 19.16224383870231 19.338764236910105
 5051920 256 68374.872 68609.953 69849.014 37.031060166432695 37.699822356677615 37.829438861691756 18.515530083216348 18.849911178338807 18.914719430845878
 5557112 256 73627.949 75073.004 76813.936 37.040691991099116 37.89966022939485 38.64349588224983 18.520345995549558 18.949830114697424 19.321747941124915
 6112816 256 81046.104 81610.918 82644.939 37.86997522014022 38.34979275689559 38.61705421398171 18.93498761007011 19.174896378447794 19.308527106990855
 6724096 256 89506.149 89892.149 92514.992 37.2127487402258 38.29852985270159 38.4636942876405 18.6063743701129 19.149264926350796 19.23184714382025
 7396504 256 99143.028 99742.174 101814.985 37.19501650960318 37.96799183462755 38.197441861469066 18.59750825480159 18.983995917313774 19.098720930734533
 8136152 256 110213.995 111083.031 111726.999 37.28471955109079 37.50086567227357 37.796559538559514 18.642359775545394 18.750432836136785 18.898279769279757
 8949760 128 60295.82 60868.979 61310.053 37.369704443087 37.640495990576746 37.99829838950693 18.6848522215435 18.820247995288373 18.999149194753464
 9844736 128 67147.97 67386.15 67739.964 37.20480890719102 37.40015442342381 37.532816196826204 18.60240445359551 18.700077211711903 18.766408098413102
 10829208 128 74522.018 74713.945 74927.092 36.99966426029186 37.10521841672261 37.200780687393625 18.49983213014593 18.552609208361304 18.600390343696812
 11912128 128 82319.021 82339.048 83413.839 36.5587389881432 37.03594882466943 37.04495912311688 18.2793694940716 18.517974412334716 18.52247956155844
 13103336 128 90029.955 90302.944 90626.001 37.014256162533314 37.14667393346556 37.259310148494464 18.507128081266657 18.57333696673278 18.629655074247232
 14413664 128 98992.109 99295.855 100676.06 36.65119576590502 37.160644661350666 37.27466786266772 18.32559788295251 18.580322330675333 18.63733393133386
 15855024 128 107394.934 107709.885 152893.066 26.54722186027717 37.6835064302594 37.794018701105585 13.273610930138585 18.8417532151297 18.897009350552793
 17440520 64 58521.986 59180.021 65345.049 34.16305587283284 37.72196295773535 38.146117597581195 17.08152793641642 18.860981478867675 19.073058798790598
 19184568 64 64276.934 65489.054 68076.134 36.0717414417217 37.496719741897635 38.203824469910145 18.03587072086085 18.748359870948818 19.101912234955073
 21103024 64 70388.794 71933.031 72368.145 37.3256364661551 37.55141462063513 38.37524296836227 18.66281823307755 18.775707310317564 19.187621484181136
 23213320 64 78990.936 79348.087 85778.952 34.63909141720453 37.44645992536657 37.61577100440992 17.319545708602266 18.723229962683284 18.80788550220496
 25534648 64 84547.043 86231.947 88591.099 36.89349134273636 37.90283134857201 38.658181623217736 18.44674567136818 18.951415674286004 19.329090811608868
 28088112 64 92987.061 93542.099 97469.091 36.88634313825703 38.43486915982075 38.664286163426546 18.443171569128516 19.217434579910375 19.332143081713273
 30896920 64 102599.859 104050.159 108210.802 36.54723638403494 38.008646964201176 38.545918079672994 18.27361819201747 19.004323482100588 19.272959039836497
 33986608 32 56698.084 57621.956 61527.967 35.35210113475715 37.74850878022954 38.36360523223325 17.676050567378574 18.87425439011477 19.181802616116624
 37385264 32 62041.044 62988.043 65654.039 36.44340748023134 37.985890369700805 38.565709758204584 18.22170374011567 18.992945184850402 19.282854879102292
 41123784 32 67999.125 69139.004 71432.114 36.8450830952588 38.067111525066224 38.705235927668184 18.4225415476294 19.033555762533112 19.352617963834092
 45236160 32 75705.051 77275.038 82931.042 34.90989827427949 37.46506394471135 38.24202218686835 17.454949137139746 18.732531972355677 19.121011093434173
 49759776 32 82772.017 83030.939 86457.968 36.83438019269664 38.35468684751355 38.4746654657455 18.41719009634832 19.177343423756774 19.23733273287275
 54735752 32 90986.013 91644.049 93428.85 37.494715261934616 38.224938402710684 38.501391724901715 18.747357630967308 19.112469201355342 19.250695862450858
 60209320 32 100113.869 100482.941 117537.022 32.7845338807376 38.34876290095848 38.49013646650695 16.3922669403688 19.17438145047924 19.245068233253473
 66230248 32 110340.118 110451.937 116309.166 36.443695864864175 38.37629277610587 38.415183424038034 18.221847932432087 19.188146388052935 19.207591712019017
 72853272 16 60718.06 61300.993 61539.173 37.8832634621203 38.03045578723333 38.39557298108668 18.94163173106015 19.015227893616665 19.19778649054334
 80138592 16 66763.878 67491.055 68656.921 37.35144114604265 37.99666406163009 38.4105150991978 18.675720573021326 18.998332030815046 19.2052575495989
 88152448 16 73500.156 73574.781 74107.885 38.064483097851195 38.34028858339381 38.37921563050832 19.032241548925597 19.170144291696904 19.18960781525416
 96967688 16 80927.134 82639.933 83652.973 37.09331425674495 37.54802192300906 38.34271476857193 18.546657128372473 18.77401096150453 19.171357384285965
 106664456 16 89504.957 90347.052 90576.887 37.6835935198347 37.779457286553196 38.13490008156755 18.84179675991735 18.889728643276598 19.067450040783775
 117330896 16 98504.066 98929.882 100903.988 37.20951715010511 37.95201809701947 38.11607809163939 18.604758575052553 18.976009048509734 19.058039045819694
 129063984 16 108429.909 109311.104 110668.898 37.3189537678418 37.782506413986994 38.089559661993256 18.6594768839209 18.891253206993497 19.044779830996628
 141970376 8 59990.883 60231.924 61660.051 36.83950919858954 37.712991137390866 37.86452044721529 18.41975459929477 18.856495568695433 18.932260223607646
 156167408 8 65021.992 65955.162 69159.985 36.128962838843876 37.884502929429544 38.428206382849666 18.064481419421938 18.942251464714772 19.214103191424833
 171784144 8 71379.185 72242.022 76915.979 35.73439927222404 38.04636453835691 38.50627187743878 17.86719963611202 19.023182269178456 19.25313593871939
 188962552 8 78775.167 79746.008 80343.008 37.63116302541224 37.912880002720634 38.38012596025344 18.81558151270612 18.956440001360317 19.19006298012672
 207858800 8 86317.062 87346.077 90866.089 36.60046158694031 38.07544556351397 38.52935587636197 18.300230793470156 19.037722781756987 19.264677938180984
 228644680 8 95937.014 97980.976 98279.953 37.22340892857367 37.33699162172053 38.13246553619023 18.611704464286834 18.668495810860264 19.066232768095116
 251509144 8 105206.013 106152.058 108183.861 37.19728864178734 37.909263181689795 38.25015499826992 18.59864432089367 18.954631590844897 19.12507749913496
 276660056 4 58007.002 58626.89 62146.902 35.61368912645074 37.75196753571612 38.15540144619092 17.80684456322537 18.87598376785806 19.07770072309546
 304326056 4 64509.869 64610.958 65279.007 37.29542711947196 37.681045496957346 37.74009288408259 18.64771355973598 18.840522748478673 18.870046442041296
 334758656 4 70210.934 70248.842 75150.013 35.63631117402468 38.12261059050624 38.14319359431966 17.81815558701234 19.06130529525312 19.07159679715983
 368234520 4 76807.022 77592.134 81265.211 36.250150879445826 37.96617012750287 38.35425568250778 18.125075439722913 18.983085063751435 19.17712784125389
 405057968 4 84661.007 86450.1 87696.075 36.951069292439826 37.48363210684545 38.27575242519853 18.475534646219913 18.741816053422724 19.137876212599267
 445563760 4 93404.055 93744.993 98129.034 36.32472403631324 38.023471610905126 38.16226265551319 18.16236201815662 19.011735805452563 19.081131327756594
 490120136 4 102411.032 103430.033 104500.055 37.52113898887422 37.90930906886591 38.28651085168246 18.76056949443711 18.954654534432954 19.14325542584123
 539132144 2 56251.049 57184.935 60592.89 35.59045584391172 37.71148075974905 38.33757084245664 17.79522792195586 18.855740379874526 19.16878542122832
 593045352 2 61708.927 62474.012 63117.981 37.583290378061996 37.97069104510208 38.44146257801565 18.791645189030998 18.98534552255104 19.220731289007826
 652349880 2 68051.1 68386.078 68717.003 37.9731275533073 38.15688216540215 38.344707433090726 18.98656377665365 19.078441082701076 19.172353716545363
 717584864 2 75523.853 75580.12 75698.137 37.918231144843105 37.977439781783886 38.005733844114125 18.959115572421553 18.988719890891943 19.002866922057063
 789343344 2 83070.04 83184.004 115409.851 27.35791917797381 37.95649673223231 38.008569347023304 13.678959588986904 18.978248366116155 19.004284673511652
 868277672 2 90995.073 91223.955 92324.018 37.61871247847987 38.07235378032009 38.16811804744636 18.809356239239936 19.036176890160046 19.08405902372318
 955105432 2 99286.079 100051.88 100929.976 37.852200896193615 38.184407209539685 38.47892641626023 18.926100448096808 19.092203604769843 19.239463208130115
 1050615968 2 109864.95 110063.076 128364.086 32.73862653452774 38.182322580190295 38.2511790338957 16.36931326726387 19.091161290095148 19.12558951694785
 1155677560 1 59782.982 60292.006 60410.023 38.2611196820766 38.33601290360118 38.662426039570924 19.1305598410383 19.16800645180059 19.331213019785462
 1271245312 1 66499.949 67003.965 67018.986 37.93687096369975 37.94537568037951 38.23297103581238 18.968435481849873 18.972687840189757 19.11648551790619
 1398369840 1 72895.05 72939.873 73086.023 38.26640943371621 38.34308403580577 38.36666111073385 19.133204716858106 19.171542017902883 19.183330555366926
 1538206824 1 80445.051 81154.108 82857.847 37.12881470357298 37.90829230727298 38.24242274394232 18.56440735178649 18.95414615363649 19.12121137197116
 1692027504 1 88132.858 88232.994 101607.084 33.30530583871494 38.35362322625026 38.39720037219263 16.65265291935747 19.17681161312513 19.198600186096314
 1861230248 1 96754.074 97286.94 102895.975 36.17693010829627 38.262694828308916 38.47342382709384 18.088465054148134 19.131347414154458 19.23671191354692
 2047353272 1 106182.098 106802.94 116403.103 35.17695352159126 38.33889351735074 38.563059320978944 17.58847676079563 19.16944675867537 19.281529660489472
 
META_DATA
 FLOPS          8
 OPENMP_THREADS 1
 ERT_VERSION  1.1.0
 HOSTNAME  Rezas-MacBook-Pro.local
 UNAME  uname_result(system='Darwin', node='Rezas-MacBook-Pro.local', release='21.6.0', version='Darwin Kernel Version 21.6.0: Wed Aug 10 14:28:23 PDT 2022; root:xnu-8020.141.5~2/RELEASE_ARM64_T6000', machine='arm64')
 TIMESTAMP_DATA  1705698123.2563891
 CONFIG  {'ERT_RESULTS': ['Results.MyMacBookPro'], 'ERT_DRIVER': ['driver1'], 'ERT_KERNEL': ['kernel1'], 'ERT_MPI': ['False'], 'ERT_OPENMP': ['True'], 'ERT_OPENMP_CFLAGS': ['-Xpreprocessor', '-fopenmp', '-I/opt/homebrew/opt/libomp/include'], 'ERT_OPENMP_LDFLAGS': ['-L/opt/homebrew/opt/libomp/lib', '-lomp'], 'ERT_FLOPS': ['1,2,4,8,16'], 'ERT_ALIGN': ['32'], 'ERT_CC': ['clang'], 'ERT_CFLAGS': ['-O3', '-std=c++11', '-Xpreprocessor', '-fopenmp', '-I/opt/homebrew/opt/libomp/include'], 'ERT_LD': ['clang'], 'ERT_LDFLAGS': ['-L/opt/homebrew/opt/libomp/lib', '-lomp', '-lc++'], 'ERT_LDLIBS': [], 'ERT_PRECISION': ['FP64'], 'ERT_RUN': ['export', 'OMP_NUM_THREADS=ERT_OPENMP_THREADS;', './ERT_CODE'], 'ERT_PROCS_THREADS': ['1-10'], 'ERT_OPENMP_THREADS': ['1,2,4,8,10'], 'ERT_NUM_EXPERIMENTS': ['3'], 'ERT_MEMORY_MAX': ['2147483648', '#', 'Adjusted', 'to', '2GB,', 'consider', 'your', "system's", 'RAM'], 'ERT_WORKING_SET_MIN': ['1'], 'ERT_TRIALS_MIN': ['1'], 'ERT_GNUPLOT': ['gnuplot'], 'ERT_GPU': [False], 'ERT_HIP': [False], 'ERT_OCL': [False], 'ERT_SYCL': [False], 'ERT_WSS_MULT': [1.1]}
 TIMESTAMP_DATA  1705698198.567859
 TIMESTAMP_DATA  1705698279.97025
 