fp64
 64 33554432 423804.998 424432.039 430474.997 9.977274698720773 10.119328658881004 10.1343007191246 4.988637349360387 5.059664329440502 5.0671503595623
 128 16777216 226039.171 228327.036 243205.07 17.65985921263895 18.810594536864222 19.000986762599656 8.829929606319475 9.405297268432111 9.500493381299828
 192 8388608 134887.934 137304.068 155400.991 20.72847445355094 23.460524651024905 23.880753277754255 10.36423722677547 11.730262325512452 11.940376638877128
 256 8388608 177825.212 179438.829 182675.123 23.511506249266358 23.935551295868077 24.15274666451684 11.755753124633179 11.967775647934038 12.07637333225842
 320 4194304 106704.95 110145.092 113090.038 23.736436979533067 24.371077378554464 25.15679506901976 11.868218489766534 12.185538689277232 12.57839753450988
 384 4194304 112967.968 114641.905 128720.999 25.024863829715926 28.09815025317313 28.51450308462661 12.512431914857963 14.049075126586565 14.257251542313305
 448 4194304 122866.154 125547.886 129204.988 29.086310383001624 29.933569602279086 30.586913170570963 14.543155191500812 14.966784801139543 15.293456585285481
 512 4194304 55089.951 55449.009 55665.016 77.15738905024297 77.4579631531377 77.96280842580529 38.578694525121485 38.72898157656885 38.981404212902646
 576 2097152 28059.006 28084.993 28786.898 83.92425971009449 86.02170931643101 86.10137878725996 41.962129855047245 43.01085465821551 43.05068939362998
 640 2097152 29366.016 29559.135 34617.901 77.54238363556473 90.81302818908605 91.41023964571838 38.771191817782366 45.40651409454303 45.70511982285919
 704 2097152 32788.038 33103.228 40348.053 73.18296166608089 89.19945861473084 90.05692917642709 36.59148083304044 44.59972930736542 45.028464588213545
 768 2097152 44642.925 44686.079 53775.072 59.90183466421021 72.08565942874515 72.15534089668184 29.950917332105107 36.04282971437257 36.07767044834092
 832 2097152 68625.927 68675.995 71359.873 48.9022861349543 50.81340180073111 50.850474165543886 24.45114306747715 25.406700900365554 25.425237082771943
 896 2097152 66491.842 66584.826 69743.872 53.884252139026636 56.44073296819909 56.51966122400398 26.942126069513318 28.220366484099547 28.25983061200199
 960 2097152 67435.98 67681.074 76852.083 52.39326876800463 59.49272968097404 59.708954181432524 26.196634384002316 29.74636484048702 29.854477090716262
 1024 2097152 30071.02 30357.122 42977.81 99.93453123832974 141.48137283896676 142.8274563350362 49.96726561916487 70.74068641948338 71.4137281675181
 1088 1048576 15111.208 15343.904 16894.102 135.05905054912066 148.70409616744212 150.99397586215477 67.52952527456033 74.35204808372106 75.49698793107738
 1152 1048576 15016.079 15212.059 15246.868 158.45346755805846 158.81604876762572 160.88881151997134 79.22673377902923 79.40802438381286 80.44440575998567
 1216 1048576 15377.045 15702.963 17896.175 142.49619441025806 162.39844875135987 165.84050004405918 71.24809720512903 81.19922437567993 82.92025002202959
 1280 1048576 23266.077 23721.933 34512.997 77.77807763260896 113.15918310704275 115.3763292367682 38.88903881630448 56.579591553521375 57.6881646183841
 1408 1048576 29268.026 29474.974 32967.091 89.5678061494719 100.17956304219301 100.88791147035333 44.78390307473595 50.089781521096505 50.443955735176665
 1536 1048576 16576.052 16767.025 24394.035 132.04971920389553 192.11669762524954 194.33007763247846 66.02485960194777 96.05834881262477 97.16503881623923
 1664 1048576 17055.988 17158.985 19196.987 181.78169980528713 203.3722232404772 204.6003390715331 90.89084990264357 101.6861116202386 102.30016953576656
 1792 1048576 17929.077 24315.119 38203.001 98.37175838620638 154.55800911358895 209.6090269454473 49.18587919310319 77.27900455679448 104.80451347272366
 1920 1048576 19885.063 22428.989 34240.007 117.59728436971406 179.52355498502405 202.49027322669284 58.79864218485703 89.76177749251202 101.24513661334642
 2112 524288 9201.05 10435.104 11818.886 187.377432356992 212.22524586242744 240.68910743882492 93.688716178496 106.11262293121372 120.34455371941246
 2304 524288 9936.094 13787.985 16360.044 147.67191970877337 175.219156678804 243.14575767902357 73.83595985438669 87.609578339402 121.57287883951179
 2496 524288 10681.152 10799.885 17176.867 152.37037673983272 242.34014491820975 245.03402779026084 76.18518836991636 121.17007245910487 122.51701389513042
 2688 524288 11650.085 16052.008 16727.209 168.50224613083986 175.5900126638362 241.93577025403678 84.25112306541993 87.7950063319181 120.96788512701839
 2944 524288 15017.033 24584.055 29109.001 106.04993774949543 125.56951015607474 205.5670879860223 53.024968874747714 62.78475507803737 102.78354399301115
 3200 524288 12080.908 23873.091 36823.988 91.12112463212839 140.55336194211299 277.7475997665076 45.56056231606419 70.27668097105649 138.8737998832538
 3520 524288 13752.937 15997.887 34363.031 107.41158194106917 230.717189088784 268.37813043133986 53.705790970534586 115.358594544392 134.18906521566993
 3840 524288 16073.942 22485.971 32066.822 125.56691274239772 179.0686219420989 250.50058286884445 62.78345637119886 89.53431097104945 125.25029143442222
 4224 262144 7889.032 12027.025 15094.042 146.71964686463704 184.13468933506 280.71790201890417 73.35982343231852 92.06734466753 140.35895100945208
 4608 262144 9279.966 12808.8 27129.889 89.05009172724591 188.61400786958967 260.33706416596783 44.52504586362296 94.30700393479484 130.16853208298392
 5056 262144 10567.188 16289.949 19536.972 135.68121651604966 162.72611583989612 250.8519890059683 67.84060825802483 81.36305791994806 125.42599450298415
 5504 262144 10649.92 11409.044 19868.135 145.24167225559924 252.92926839444218 270.958012078964 72.62083612779962 126.46463419722109 135.479006039482
 6016 262144 11898.994 13216.972 32627.106 96.6716633709407 238.64139289997738 265.0742245941127 48.33583168547035 119.32069644998869 132.53711229705635
 6592 262144 12366.056 12890.1 21574.02 160.1976124987369 268.12099952676857 279.48332888028324 80.09880624936845 134.06049976338429 139.74166444014162
 7232 262144 13282.061 20190.954 27171.135 139.54701619936012 187.78958220597204 285.47157071481604 69.77350809968006 93.89479110298602 142.73578535740802
 7936 262144 15814.066 19719.124 33884.048 122.79375734563946 211.00073045841182 263.1043507722808 61.39687867281973 105.50036522920591 131.5521753861404
 8704 131072 8426.189 9438.038 14478.922 157.58779389791587 241.75590053780243 270.78687363884194 78.79389694895794 120.87795026890122 135.39343681942097
 9536 131072 8995.056 10496.14 18887.997 132.3488765907788 238.1642379007902 277.9087961208913 66.1744382953894 119.0821189503951 138.95439806044564
 10432 131072 9433.985 17617.941 20530.939 133.1983017435296 155.22166909288663 289.87603944674487 66.5991508717648 77.61083454644331 144.93801972337243
 11456 131072 10511.875 16725.779 27803.898 108.01081431100056 179.55048096713463 285.6884869730662 54.00540715550028 89.77524048356732 142.8442434865331
 12544 131072 11677.027 15266.18 20117.044 163.46011551200067 215.39994523842898 281.6071536016831 81.73005775600033 107.69997261921449 140.80357680084154
 13760 131072 12820.005 19413.948 23462.057 153.7419093304564 185.799479837898 281.3650571899153 76.8709546652282 92.899739918949 140.68252859495766
 15104 131072 13990.879 22671.938 26182.89 151.22177024766938 174.63981138268815 283.000301553605 75.61088512383469 87.31990569134408 141.5001507768025
 16576 65536 7874.966 12508.869 15223.026 142.7212613313542 173.68872213786872 275.89318760233374 71.3606306656771 86.84436106893436 137.94659380116687
 18176 65536 8777.142 11656.046 15890.121 149.92740911161093 204.3887500100806 271.42829317333593 74.96370455580546 102.1943750050403 135.71414658666797
 19968 65536 9356.022 12341.022 14877.081 175.92467877267052 212.07690060029063 279.73915580788497 87.96233938633526 106.03845030014531 139.86957790394248
 21952 65536 10308.981 19829.988 21237.85 135.47946444673073 145.09804766397235 279.10542700583113 67.73973222336537 72.54902383198618 139.55271350291557
 24128 65536 12301.922 17794.847 23051.977 137.19019483665113 177.72028138258224 257.0740747665284 68.59509741832557 88.86014069129112 128.5370373832642
 26496 65536 12166.977 20083.904 28403.997 122.26742989727818 172.91875683134114 285.4352163236603 61.13371494863909 86.45937841567057 142.71760816183016
 29120 65536 15278.101 16911.983 22586.107 168.9895757600015 225.6871142786745 249.8227129143864 84.49478788000074 112.84355713933725 124.9113564571932
 32000 65536 15743.017 21375.895 23168.087 181.03799420297412 196.21653268787108 266.42313858900104 90.51899710148706 98.10826634393554 133.21156929450052
 35200 32768 8082.867 11669.159 12054.205 191.37447886442948 197.68924221531304 285.4020980426871 95.68723943221474 98.84462110765652 142.70104902134355
 38720 32768 8867.025 9027.958 16763.926 151.3699070253591 281.07728458639264 286.1787262356879 75.68495351267956 140.53864229319632 143.08936311784396
 42560 32768 10159.969 15552.044 17694.95 157.62758075044007 179.34698230020442 274.5295935450197 78.81379037522004 89.67349115010221 137.26479677250984
 46784 32768 10869.026 14733.076 16373.873 187.25174086790582 208.105640940154 282.08932649530874 93.62587043395291 104.052820470077 141.04466324765437
 51456 32768 12142.897 12352.943 19226.789 175.39176281593353 272.9892314730182 277.7113580062484 87.69588140796677 136.4946157365091 138.8556790031242
 56576 32768 13175.011 19963.026 20810.127 178.17117291018934 185.73159880671398 281.4240334220594 89.08558645509467 92.86579940335699 140.7120167110297
 62208 32768 14376.879 15618.086 20781.994 196.1728738830355 261.0347700736185 283.570828411368 98.08643694151775 130.51738503680926 141.785414205684
 68416 16384 8227.11 9562.969 10725.021 209.03040544163036 234.43090613385866 272.4961120004473 104.51520272081518 117.21545306692933 136.24805600022364
 75200 16384 8754.969 11099.1 16481.876 149.5068643884956 222.0138209404366 281.4577184682207 74.7534321942478 111.0069104702183 140.72885923411036
 82688 16384 9562.969 9605.885 14156.103 191.40298597714357 282.0687926203572 283.33464052848024 95.70149298857179 141.0343963101786 141.66732026424012
 90944 16384 10468.96 10553.122 17984.152 165.70439306785218 282.38591309756487 284.6560682245419 82.85219653392609 141.19295654878243 142.32803411227096
 100032 16384 11434.078 11594.057 21528.959 152.25299913479327 282.7179973325989 286.67362388117346 76.12649956739664 141.35899866629944 143.33681194058673
 110016 16384 12601.852 12717.009 21493.912 167.72211070744123 283.47894445934577 286.06940376700186 83.86105535372062 141.73947222967288 143.03470188350093
 120960 16384 14320.135 21565.199 28273.821 140.18682794943066 183.7969257784266 276.7863068330012 70.09341397471533 91.8984628892133 138.3931534165006
 133056 8192 10493.994 10859.966 23912.907 91.16371773619994 200.73631022417564 207.73687349163717 45.58185886809997 100.36815511208782 103.86843674581858
 146304 8192 8908.033 14650.106 15946.15 150.3212208589534 163.6196172232474 269.08799462238187 75.1606104294767 81.8098086116237 134.54399731119094
 160896 8192 10800.838 12650.967 17246.962 152.84547295923767 208.3730092727299 244.06625337774716 76.42273647961883 104.18650463636494 122.03312668887358
 176960 8192 10113.001 10131.121 14364.004 201.84571377173106 286.1788581934813 286.6916200245605 100.92285688586553 143.08942909674064 143.34581001228025
 194624 8192 11240.959 11286.974 18947.124 168.29570630350022 282.5132419016824 283.66971323354176 84.14785315175011 141.2566209508412 141.83485661677088
 214080 8192 12273.073 12333.87 17040.014 205.8382534192754 284.37844083000715 285.7871634919795 102.9191267096377 142.18922041500358 142.89358174598976
 235456 8192 13493.061 13984.203 18278.837 211.04795146430814 275.8620640732976 285.90333238692097 105.52397573215407 137.9310320366488 142.95166619346048
 258944 8192 14860.868 15137.911 19922.972 212.94706914209385 280.259178165336 285.48389609543665 106.47353457104693 140.129589082668 142.74194804771832
 284800 4096 8099.079 8353.949 15363.932 151.85446017334624 279.2788895407429 288.067519776014 75.92723008667312 139.63944477037145 144.033759888007
 313280 4096 9126.902 9171.009 12598.038 203.71344807818485 279.8372305599089 281.1895821824317 101.85672403909243 139.91861527995445 140.59479109121585
 344576 4096 9857.893 10344.982 14528.99 194.28512181507455 272.8633642861824 286.3458339424053 97.14256090753727 136.4316821430912 143.17291697120265
 379008 4096 10011.911 10741.949 20008.087 155.1789301995738 289.0381937207112 310.11397684218326 77.5894650997869 144.5190968603556 155.05698842109163
 416896 4096 11903.048 11924.028 22277.832 153.30091509802213 286.4142915464472 286.91911785955995 76.65045754901107 143.2071457732236 143.45955892977997
 458560 4096 12882.948 13098.001 18486.977 203.19836607142423 286.8012851732108 291.58881336787204 101.59918303571212 143.4006425866054 145.79440668393602
 504384 4096 14503.002 15732.05 18173.933 227.35385499660418 262.6430584698116 284.90058320339466 113.67692749830209 131.3215292349058 142.45029160169733
 554816 2048 7787.943 8091.927 14424.086 157.55080328833313 280.83870949404263 291.80058662473516 78.77540164416656 140.41935474702132 145.90029331236758
 610240 2048 8656.979 8873.94 13221.025 189.0581887561668 281.67229438107535 288.73155866498 94.5290943780834 140.83614719053767 144.36577933249
 671232 2048 9397.03 9605.885 16966.105 162.05052792022684 286.21686310006834 292.5782158831035 81.02526396011342 143.10843155003417 146.28910794155175
 738304 2048 11021.852 15756.13 21519.899 140.5254357374075 191.9312155967233 274.3725087217647 70.26271786870375 95.96560779836165 137.18625436088234
 812096 2048 11652.946 14727.116 18331.051 181.4596018526161 225.86535041891432 285.4510109289102 90.72980092630804 112.93267520945716 142.7255054644551
 893248 2048 13139.963 17088.175 19302.13 189.5512986390621 214.10968743005031 278.44399622738666 94.77564931953106 107.05484371502516 139.22199811369333
 982528 2048 14029.98 14204.979 24063.11 167.24499401781398 283.3115549132456 286.84536171826335 83.62249700890699 141.6557774566228 143.42268085913167
 1080768 1024 7741.928 7812.977 22150.993 99.92386634766217 283.2995494547085 285.8994379694567 49.961933173831085 141.64977472735424 142.94971898472835
 1188800 1024 8378.983 8581.877 18775.94 129.6692682230557 283.69812338256537 290.56776938203603 64.83463411152785 141.84906169128269 145.28388469101802
 1307648 1024 9365.797 9423.018 13451.099 199.09623027828434 284.20439226583244 285.94075912599857 99.54811513914217 142.10219613291622 142.97037956299928
 1438400 1024 10205.03 10210.037 16259.909 181.17218245194363 288.52424334995067 288.6658050000833 90.58609122597181 144.26212167497533 144.33290250004166
 1582208 1024 11250.019 11287.928 21981.001 147.41648863034035 287.064373904582 288.0316899020348 73.70824431517018 143.532186952291 144.0158449510174
 1740416 1024 12403.011 12758.017 35860.062 99.39670399900592 279.3829141315614 287.3795700092502 49.69835199950296 139.6914570657807 143.6897850046251
 1914432 1024 13565.063 13772.964 29278.04 133.91459045755795 284.670513623647 289.0334336080857 66.95729522877897 142.3352568118235 144.51671680404286
 2105856 512 7678.986 8371.83 13616.085 158.3712604614322 257.5776794320955 280.8178767352877 79.1856302307161 128.78883971604776 140.40893836764386
 2316416 512 8392.096 10947.943 22143.841 107.11827202877765 216.66261726061234 282.64809935444015 53.55913601438883 108.33130863030617 141.32404967722007
 2548032 512 9030.104 12584.925 19738.913 132.18482537513592 207.3262071883623 288.94293664834873 66.09241268756796 103.66310359418115 144.47146832417437
 2802816 512 11009.932 15856.981 19082.069 150.40735802810482 180.99810953926226 260.68131792276284 75.20367901405241 90.49905476963113 130.34065896138142
 3083072 512 11049.032 11250.019 18549.919 170.19296569435153 280.62759076229116 285.73233637118625 85.09648284717576 140.31379538114558 142.86616818559312
 3391360 512 12073.994 12126.923 20802.021 166.9430407747401 286.3671716230077 287.62252490766514 83.47152038737005 143.18358581150386 143.81126245383257
 3730496 512 14804.84 18815.041 22535.801 169.50930228750244 203.03053838681507 258.02561216467046 84.75465114375122 101.51526919340753 129.01280608233523
 4103488 512 14405.966 14678.001 25522.947 164.63505221399393 286.2768378337077 291.6827453292615 82.31752610699697 143.13841891685385 145.84137266463074
 4513792 256 8007.05 8031.13 18454.075 125.23312623363674 287.76293049670466 288.6283342804154 62.61656311681837 143.88146524835233 144.3141671402077
 4965120 256 9071.112 9233.952 15698.195 161.93845470769094 275.3037312734569 280.245844169932 80.96922735384547 137.65186563672844 140.122922084966
 5461632 256 9747.028 9993.076 16300.201 171.55344182565602 279.82931221577826 286.89315184074576 85.77672091282801 139.91465610788913 143.44657592037288
 6007744 256 10643.959 19392.967 20796.061 147.91093986500616 158.6123942767499 288.98691999847046 73.95546993250308 79.30619713837496 144.49345999923523
 6608512 256 11981.01 12052.059 19720.078 171.57934892549613 280.74523564811625 282.41009263826675 85.78967446274807 140.37261782405812 141.20504631913337
 7269312 256 12799.978 13127.804 19623.041 189.6692640044935 283.511830615387 290.772979766059 94.83463200224675 141.7559153076935 145.3864898830295
 7996224 256 14282.942 14364.004 24950.027 164.09067164536535 285.02266415408957 286.64029357537123 82.04533582268267 142.51133207704478 143.32014678768562
 8795840 128 7987.976 8057.833 16132.116 139.58088573129527 279.4467246963296 281.8905615139555 69.79044286564763 139.7233623481648 140.94528075697775
 9675392 128 8646.011 12298.107 21277.905 116.40715342981369 201.40500907985268 286.47897302004355 58.203576714906845 100.70250453992634 143.23948651002178
 10642880 128 9578.943 9714.127 21450.996 127.01402209948667 280.47577306740993 284.4340215825483 63.50701104974333 140.23788653370497 142.21701079127416
 11707136 128 10486.841 10519.981 20787.001 144.17793196815646 284.8889951417213 285.78928735545816 72.08896598407823 142.44449757086065 142.89464367772908
 12877824 128 11540.89 11691.093 21647.93 152.28813766489452 281.98586257076215 285.65586744176574 76.14406883244726 140.99293128538108 142.82793372088287
 14165568 128 12603.045 18229.961 28508.186 127.20505640029147 198.92447427616548 287.73882883065164 63.602528200145734 99.46223713808274 143.86941441532582
 15582080 128 14189.005 14251.947 26213.884 152.1717453239665 279.8924582023775 281.13405274013223 76.08587266198325 139.94622910118875 140.56702637006612
 17140288 64 7981.062 10108.948 15367.985 142.76151779169487 217.03117515294372 274.89535402682 71.38075889584744 108.51558757647186 137.44767701341
 18854272 64 8621.931 8706.093 13918.877 173.386604106064 277.20204872610475 279.9079250344267 86.693302053032 138.60102436305237 139.95396251721334
 20739648 64 9490.967 9541.035 16207.933 163.78861783300806 278.23762767875814 279.7054234831919 81.89430891650403 139.11881383937907 139.85271174159595
 22813568 64 10541.201 10581.017 25921.822 112.65167641379529 275.9788311463822 277.02125251192916 56.32583820689764 137.9894155731911 138.51062625596458
 25094912 64 11888.981 12199.879 22346.02 143.7458990907553 263.2934913534798 270.17864155052484 71.87294954537765 131.6467456767399 135.08932077526242
 27604352 64 13859.987 13918.161 25672.913 137.62976784130416 253.8666606888654 254.93220563626792 68.81488392065208 126.9333303444327 127.46610281813396
 30364736 64 15192.032 15391.827 27105.093 143.3932068781317 252.51623527213502 255.83715252837806 71.69660343906585 126.25811763606751 127.91857626418903
 33401152 64 17331.123 17824.173 28664.112 149.15331952373057 239.86231821246352 246.6861181471045 74.57665976186529 119.93115910623176 123.34305907355225
 36741248 32 11877.06 12873.173 19670.963 119.53862512984239 182.66202683674024 197.98164461575507 59.769312564921194 91.33101341837012 98.99082230787754
 40415360 32 11463.165 18958.092 19556.046 132.26513375965675 136.43688615921897 225.6430087153068 66.13256687982837 68.21844307960949 112.8215043576534
 44456896 32 12482.882 12820.005 18940.926 150.2165915225053 221.93761578096112 227.93144595935462 75.10829576125265 110.96880789048056 113.96572297967731
 48902528 32 14001.131 14732.838 19710.064 158.7900370085049 212.43441297596567 223.53635517016448 79.39501850425245 106.21720648798284 111.76817758508224
 53792768 32 16273.975 16710.997 23360.014 147.37735824987092 206.01626294349765 211.5486322180045 73.68867912493546 103.00813147174883 105.77431610900226
 59172032 32 19202.948 19224.167 26142.12 144.86239249150415 196.99215305401788 197.20982674118576 72.43119624575208 98.49607652700894 98.60491337059288
 65089216 32 23892.879 25316.954 25776.148 161.6110298559738 164.54229936192166 174.34942955179238 80.8055149279869 82.27114968096083 87.17471477589619
 71598080 16 13539.076 14729.023 19546.986 117.2118586466476 155.5526500298085 169.22414498596507 58.6059293233238 77.77632501490424 84.61207249298253
 78757888 16 15362.978 15427.828 21426.916 117.62086601730272 163.3575650441527 164.04712784201084 58.81043300865136 81.67878252207635 82.02356392100542
 86633664 16 19864.082 20223.141 20407.2 135.84799717746677 137.08440484096906 139.56231392923166 67.92399858873338 68.54220242048453 69.78115696461583
 95297024 16 20684.004 20750.046 21384.001 142.60683807487663 146.9637594056418 147.43300030303607 71.30341903743832 73.4818797028209 73.71650015151803
 104826688 16 24245.977 25793.076 26087.999 128.58226558503011 130.05249998100265 138.35095265494974 64.29113279251506 65.02624999050133 69.17547632747487
 115309312 16 22295.952 25404.93 25986.195 141.9945468738305 145.2433832330969 165.4963189730584 70.99727343691525 72.62169161654845 82.7481594865292
 126840192 16 25588.036 32797.098 37728.786 107.58061878799916 123.75747829884217 158.62437210890275 53.79030939399958 61.87873914942109 79.31218605445137
 139524160 8 13638.973 15896.797 19276.857 115.80656327948067 140.4299595698429 163.6770275885142 57.903281639740335 70.21497978492145 81.8385137942571
 153476544 8 15640.974 15778.065 17524.958 140.12157427139053 155.63535224376372 156.99947484088906 70.06078713569526 77.81767612188186 78.49973742044453
 168824192 8 16638.994 20994.902 22447.109 120.33563306526467 128.65918935939783 162.34076843828421 60.16781653263234 64.32959467969891 81.17038421914211
 185706560 8 18434.048 22758.007 31879.187 93.20516737142637 130.5608597448801 161.18570158871236 46.602583685713185 65.28042987244005 80.59285079435618
 204277184 8 21697.044 21939.993 24227.142 134.90798642283104 148.97155819511886 150.63964215586233 67.45399321141552 74.48577909755943 75.31982107793117
 224704896 8 22099.018 22497.177 28328.18 126.91526021085716 159.81019911964952 162.6895066559066 63.45763010542858 79.90509955982476 81.3447533279533
 247175360 8 24005.175 25341.034 29201.031 135.43377149936933 156.06331454351863 164.74804953515232 67.71688574968466 78.03165727175931 82.37402476757616
 271892864 4 13679.028 15018.94 15903.95 136.76746418342614 144.82665967105535 159.01297314399824 68.38373209171307 72.41332983552768 79.50648657199912
 299082112 4 15045.166 18537.998 20051.956 119.32286785388918 129.06770709544796 159.0316049686657 59.66143392694459 64.53385354772398 79.51580248433285
 328990272 4 16005.039 16844.988 21675.825 121.42200705163471 156.24363614862767 164.44334662352273 60.711003525817354 78.12181807431384 82.22167331176136
 361889280 4 17772.913 19695.997 22678.852 127.65700133322444 146.9899817714229 162.89475113055465 63.82850066661222 73.49499088571145 81.44737556527733
 398078208 4 20016.909 21403.074 40573.12 78.49102223343927 148.79291002778385 159.09677483171853 39.24551111671963 74.39645501389192 79.54838741585927
 437886016 4 21061.182 25914.907 27040.005 129.55205178401408 135.1765656731857 166.32913233454798 64.77602589200704 67.58828283659285 83.16456616727399
 481674560 4 23967.028 26109.219 31404.018 122.70393170708283 147.58758122945002 160.7790703127647 61.351965853541415 73.79379061472501 80.38953515638235
 529841984 4 29973.984 34856.081 36367.893 116.5515932418741 121.6067828164618 141.41382980654157 58.27579662093705 60.8033914082309 70.70691490327079
 582826176 2 15024.9 17847.061 18250.942 127.73613022275782 130.62681323272218 155.16274344587984 63.86806511137891 65.31340661636109 77.58137172293992
 641108736 2 15665.054 17693.996 21275.997 120.53183425434776 144.93249258109924 163.70418793321744 60.26591712717388 72.46624629054962 81.85209396660872
 705219584 2 18759.012 20493.031 21410.942 131.74938010667628 137.6506157629879 150.37456855403687 65.87469005333814 68.82530788149396 75.18728427701843
 775741504 2 19101.143 19389.153 23238.897 133.52466840401246 160.03618187963136 162.44923227892696 66.76233420200623 80.01809093981568 81.22461613946348
 853315648 2 20766.973 23126.125 27734.041 123.07123192036819 147.59336430119615 164.36014011286093 61.535615960184096 73.79668215059807 82.18007005643047
 938647168 2 23085.117 25996.923 28539.896 131.5557937562211 144.42434868157284 162.6410934802713 65.77789687811055 72.21217434078642 81.32054674013565
 1032511872 2 30158.997 30925.989 33883.81 121.88852103703803 133.54617334954105 136.9424682127194 60.944260518519016 66.77308667477052 68.4712341063597
 1135763008 1 14986.038 16584.158 23581.028 96.32854072350028 136.9696318619251 151.57615481823817 48.16427036175014 68.48481593096255 75.78807740911908
 1249339264 1 16007.185 19580.841 42955.875 58.16849332018031 127.60833551531316 156.0973105514805 29.084246660090155 63.80416775765658 78.04865527574024
 1374273152 1 19701.004 20370.007 21104.097 130.23756970032878 134.931043666308 139.5130067482855 65.11878485016439 67.465521833154 69.75650337414275
 1511700416 1 21161.079 22163.868 26850.939 112.59944510692905 136.41124518518157 142.87555147825873 56.29972255346453 68.20562259259079 71.43777573912936
 1662870400 1 22588.968 24870.157 31080.008 107.00578970249943 133.7241578330205 147.2285409408699 53.502894851249714 66.86207891651026 73.61427047043495
 1829157440 1 22953.987 26015.043 29742.956 122.99768994043498 140.62305720578667 159.3760107993439 61.49884497021749 70.31152860289333 79.68800539967195
 2012073152 1 27565.002 30601.978 33536.911 119.99156105939512 131.49954895072472 145.98752084255244 59.99578052969756 65.74977447536236 72.99376042127622
 
META_DATA
 FLOPS          8
 OPENMP_THREADS 8
 ERT_VERSION  1.1.0
 HOSTNAME  Rezas-MacBook-Pro.local
 UNAME  uname_result(system='Darwin', node='Rezas-MacBook-Pro.local', release='21.6.0', version='Darwin Kernel Version 21.6.0: Wed Aug 10 14:28:23 PDT 2022; root:xnu-8020.141.5~2/RELEASE_ARM64_T6000', machine='arm64')
 TIMESTAMP_DATA  1705698568.1277592
 CONFIG  {'ERT_RESULTS': ['Results.MyMacBookPro'], 'ERT_DRIVER': ['driver1'], 'ERT_KERNEL': ['kernel1'], 'ERT_MPI': ['False'], 'ERT_OPENMP': ['True'], 'ERT_OPENMP_CFLAGS': ['-Xpreprocessor', '-fopenmp', '-I/opt/homebrew/opt/libomp/include'], 'ERT_OPENMP_LDFLAGS': ['-L/opt/homebrew/opt/libomp/lib', '-lomp'], 'ERT_FLOPS': ['1,2,4,8,16'], 'ERT_ALIGN': ['32'], 'ERT_CC': ['clang'], 'ERT_CFLAGS': ['-O3', '-std=c++11', '-Xpreprocessor', '-fopenmp', '-I/opt/homebrew/opt/libomp/include'], 'ERT_LD': ['clang'], 'ERT_LDFLAGS': ['-L/opt/homebrew/opt/libomp/lib', '-lomp', '-lc++'], 'ERT_LDLIBS': [], 'ERT_PRECISION': ['FP64'], 'ERT_RUN': ['export', 'OMP_NUM_THREADS=ERT_OPENMP_THREADS;', './ERT_CODE'], 'ERT_PROCS_THREADS': ['1-10'], 'ERT_OPENMP_THREADS': ['1,2,4,8,10'], 'ERT_NUM_EXPERIMENTS': ['3'], 'ERT_MEMORY_MAX': ['2147483648', '#', 'Adjusted', 'to', '2GB,', 'consider', 'your', "system's", 'RAM'], 'ERT_WORKING_SET_MIN': ['1'], 'ERT_TRIALS_MIN': ['1'], 'ERT_GNUPLOT': ['gnuplot'], 'ERT_GPU': [False], 'ERT_HIP': [False], 'ERT_OCL': [False], 'ERT_SYCL': [False], 'ERT_WSS_MULT': [1.1]}
 TIMESTAMP_DATA  1705698581.982017
 TIMESTAMP_DATA  1705698595.152152
 