fp64
 16 134217728 607458.83 608253.002 609113.932 7.051172318284783 7.0611526484500615 7.0703841707264345 0.4406982698927989 0.44132204052812884 0.44189901067040216
 32 67108864 366466.045 367855.072 371325.97 11.566568575852642 11.675704979813355 11.719959746884602 0.7229105359907901 0.7297315612383347 0.7324974841802876
 48 33554432 202040.911 208821.058 209259.987 15.393413323685241 15.425769330217644 15.943431733981837 0.9620883327303276 0.9641105831386028 0.9964644833738648
 64 33554432 290266.991 290549.994 290992.975 14.759694099144491 14.782197159501575 14.796609429144496 0.9224808811965307 0.9238873224688484 0.924788089321531
 80 16777216 170087.099 170278.072 170341.969 15.758621176910312 15.764534613711156 15.782234959513303 0.9849138235568945 0.9852834133569472 0.9863896849695815
 96 16777216 187686.92 189962.864 190510.988 16.90834479321476 16.957132589872934 17.162759514621477 1.0567715495759225 1.0598207868670584 1.0726724696638423
 112 16777216 207373.142 207507.849 207579.851 18.104340888075885 18.110622813115853 18.12238724723571 1.1315213055047428 1.1319139258197408 1.132649202952232
 128 16777216 75512.886 75949.907 76396.942 56.21909965977434 56.5500007261365 56.877276495563954 3.5136937287358965 3.5343750453835314 3.554829780972747
 144 8388608 37385.941 38089.991 38105.965 63.400024221929556 63.42661262377299 64.62105913022224 3.9625015138705972 3.964163288985812 4.03881619563889
 160 8388608 53626.06 53690.195 53788.9 49.905362630579916 49.997109528099124 50.05690442296153 3.1190851644112447 3.1248193455061952 3.1285565264350956
 176 8388608 66557.884 66578.865 66824.913 44.18696386480892 44.35026064202206 44.36424114684895 2.7616852415505573 2.7718912901263786 2.772765071678059
 192 8388608 82353.83 82692.862 84254.98 38.231870353538746 38.95409342586305 39.11445857466495 2.3894918970961716 2.4346308391164406 2.4446536609165594
 208 8388608 92568.874 93351.126 95088.005 36.699275876068704 37.38209786564331 37.697994770898916 2.293704742254294 2.336381116602707 2.3561246731811822
 224 8388608 106760.025 108541.965 108622.074 34.59790672013867 34.62344157856365 35.201344173533116 2.1623691700086667 2.163965098660228 2.2000840108458197
 240 8388608 119372.129 120137.93 120476.007 33.421856685539055 33.51590825645156 33.730920891927795 2.088866042846191 2.0947442660282225 2.108182555745487
 256 8388608 52470.922 52608.013 52822.113 81.31002438315939 81.64093359694083 81.85423720970637 5.081876523947462 5.102558349808802 5.115889825606648
 272 4194304 26636.839 26790.142 27799.845 82.07604668299409 85.16943941543872 85.65961509171565 5.129752917687131 5.32308996346492 5.353725943232228
 288 4194304 25710.821 25824.07 25868.177 93.3934812646442 93.55299548057296 93.96507034917322 5.837092579040262 5.84706221753581 5.872816896823326
 304 4194304 28877.974 29004.097 29839.039 85.4631019450727 87.92333138314908 88.30733180935755 5.341443871567043 5.495208211446817 5.519208238084847
 320 4194304 41203.022 41287.899 41563.034 64.58514457823267 65.01552815753595 65.14945821206999 4.036571536139542 4.063470509845997 4.071841138254374
 352 4194304 53630.829 54327.011 54565.191 54.11490296075386 54.3521530385686 55.05769854872092 3.382181435047116 3.3970095649105376 3.4411061592950576
 384 4194304 31528.95 32220.125 32907.963 97.88589685724392 99.97557340326891 102.16722954617899 6.117868553577745 6.248473337704307 6.385451846636187
 416 4194304 31481.981 31639.099 31889.915 109.42835463813562 110.29583769120607 110.84629420238835 6.839272164883476 6.89348985570038 6.927893387649272
 448 4194304 33303.022 33956.051 35521.984 105.79635371717976 110.67530744373072 112.84550645283784 6.612272107323735 6.91720671523317 7.052844153302365
 480 4194304 42387.962 43720.007 43779.135 91.97376421439115 92.09815176836545 94.99234334502799 5.748360263399447 5.756134485522841 5.937021459064249
 528 2097152 19562.006 20039.797 20047.903 110.46504524687694 110.50972781810115 113.20886579832354 6.904065327929809 6.906857988631322 7.0755541123952215
 576 2097152 19321.918 19875.05 20051.003 120.48869096473626 121.55537238900028 125.03515976001967 7.5305431852960165 7.597210774312518 7.814697485001229
 624 2097152 22060.156 22301.197 22490.025 116.37362323963623 117.35897835439056 118.64130498442532 7.2733514524772644 7.33493614714941 7.415081561526582
 672 2097152 20649.91 20725.012 20853.043 135.1635964113247 135.99858412627216 136.49319963137853 8.447724775707794 8.49991150789201 8.530824976961158
 736 2097152 15089.989 15089.989 15516.043 198.95586419810772 204.5732269254802 204.5732269254802 12.434741512381732 12.785826682842513 12.785826682842513
 800 2097152 13876.915 14017.105 14076.948 238.3643954641304 239.38204072809611 241.8003713361363 14.89777471650815 14.961377545506007 15.112523208508518
 880 2097152 14966.011 15009.88 15496.969 238.17480179511233 245.9038659869366 246.62466972662253 14.88592511219452 15.368991624183538 15.414041857913908
 960 2097152 15031.815 15080.929 15248.06 264.0684677263862 266.9949470619482 267.86730943668476 16.504279232899137 16.687184191371763 16.741706839792798
 1056 1048576 8024.931 8085.012 8235.931 268.8940099182472 273.9133240618567 275.9640565133831 16.80587561989045 17.119582753866045 17.247753532086445
 1152 1048576 8277.893 8417.13 8587.837 281.3186957321151 287.02409301032543 291.8519367186795 17.582418483257193 17.93900581314534 18.24074604491747
 1264 1048576 9996.891 10220.051 10345.936 256.2165596230249 259.37249510790116 265.16245180626663 16.013534976439058 16.210780944243822 16.572653237891664
 1376 1048576 10923.147 10984.898 11373.997 253.708626088085 262.6953069568784 264.18038244839147 15.856789130505312 16.4184566848049 16.511273903024467
 1504 1048576 11556.864 11973.858 13582.945 232.21154234225347 263.4169043928865 272.92149565833773 14.513221396390842 16.463556524555408 17.05759347864611
 1648 1048576 12820.959 13036.966 13122.082 263.38095555263254 265.10052231477783 269.56692521986844 16.461309722039534 16.568782644673615 16.847932826241777
 1808 1048576 13103.008 13168.097 13180.017 287.6817849324474 287.94219969673674 289.3725483492035 17.98011155827796 17.996387481046046 18.08578427182522
 1984 1048576 14544.01 14570.951 15289.068 272.13886209414466 285.55099581351965 286.07994411444986 17.00867888088404 17.846937238344978 17.879996507153116
 2176 524288 7632.017 7667.065 8234.978 277.07437421205015 297.5977608119926 298.9643990572872 17.317148388253134 18.599860050749538 18.68527494108045
 2384 524288 8785.963 8807.898 8996.964 277.84985957485213 283.81404780118936 284.5226168150264 17.36561622342826 17.738377987574335 17.78266355093915
 2608 524288 9330.988 9392.023 9836.197 278.0227162998057 291.1711574811944 293.0757394608159 17.376419768737858 18.19819734257465 18.317233716300994
 2864 524288 10205.984 10343.075 10426.998 288.0140251297641 290.3509511436396 294.25106525740193 18.000876570610256 18.146934446477474 18.39069157858762
 3136 524288 11225.939 11296.034 12039.185 273.1359586217838 291.10520878389707 292.92287585029635 17.070997413861488 18.194075548993567 18.307679740643522
 3440 524288 12475.014 12588.024 12714.863 283.6917267610355 286.5502512546846 289.14608352343333 17.73073292256472 17.909390703417788 18.071630220214583
 3776 524288 13465.881 13717.175 14081.955 281.1699778901438 288.647114001243 294.0337120163174 17.573123618133987 18.040444625077686 18.377107001019837
 4144 262144 7428.885 7492.065 7603.884 285.72890801595605 289.99340929369936 292.4596991338538 17.858056750997253 18.12458808085621 18.278731195865863
 4544 262144 8275.986 8333.921 8460.045 281.6018912428953 285.86360153881947 287.86475375864575 17.600118202680957 17.866475096176217 17.99154710991536
 4992 262144 8657.932 8693.218 9146.929 286.1338156227079 301.06753287447754 302.2945544039847 17.883363476419245 18.816720804654846 18.893409650249044
 5488 262144 9878.159 9925.842 10252.953 280.6306187105315 289.8789386331154 291.278217327743 17.53941366940822 18.117433664569713 18.204888582983937
 6032 262144 10462.046 10868.073 11811.018 267.7589024079042 290.99042820194524 302.2836275046009 16.734931400494013 18.186901762621577 18.892726719037555
 6624 262144 11716.843 11883.974 12226.105 284.0547919390517 292.23252356492867 296.4009769525801 17.753424496190732 18.264532722808042 18.525061059536256
 7280 262144 12958.05 13007.879 13769.15 277.2005998917871 293.4234428226154 294.55177592307484 17.325037493236692 18.338965176413463 18.409485995192178
 8000 262144 13947.01 14226.198 14940.023 280.7428074240582 294.82958131188667 300.7314112487192 17.546425464003637 18.426848831992917 18.79571320304495
 8800 131072 7773.161 8064.985 8192.062 281.59786876613 286.0349027307552 296.77337186248945 17.599866797883124 17.8771814206722 18.54833574140559
 9680 131072 8522.987 8817.911 8825.064 287.5394354080605 287.7726844827534 297.73058670628035 17.971214713003782 17.985792780172087 18.608161669142522
 10640 131072 9267.092 9407.997 9762.049 285.7199508013123 296.4724754907979 300.9803032062269 17.857496925082017 18.529529718174867 18.81126895038918
 11696 131072 10308.981 10694.981 10930.061 280.51409996705416 286.67991312934544 297.41409204265676 17.532131247940885 17.91749457058409 18.588380752666048
 12864 131072 11898.994 12297.869 12351.99 273.010293564033 274.2117692097712 283.4038252309397 17.063143347752064 17.1382355756107 17.71273907693373
 14144 131072 13635.874 13654.947 13669.014 271.2532693287168 271.53270796290894 271.9125107785537 16.9533293330448 16.97079424768181 16.994531923659608
 15552 131072 14530.897 14751.196 14820.099 275.0901655920112 276.3751148042505 280.56516318297486 17.1931353495007 17.273444675265655 17.53532269893593
 17104 65536 7869.005 7920.027 8234.024 272.26730065396947 283.06159663344584 284.89694542067264 17.016706290873092 17.691349789590365 17.80605908879204
 18800 65536 8868.933 8908.033 9083.986 271.26347398597926 276.6215167815387 277.8410435618354 16.953967124123704 17.288844798846167 17.365065222614714
 20672 65536 9605.885 9608.03 10019.064 270.43647829777314 282.0058205480208 282.0687926203572 16.90227989361082 17.6253637842513 17.629299538772326
 22736 65536 10535.955 10631.084 10720.968 277.96491809321697 280.31506401416823 282.84602506369856 17.37280738082606 17.519691500885514 17.67787656648116
 25008 65536 11480.093 11659.145 11680.126 280.63469315313887 281.13970415497874 285.5245663950632 17.53966832207118 17.57123150968617 17.84528539969145
 27504 65536 12551.069 12910.128 13554.096 265.9715770052093 279.2384620818632 287.22687191027313 16.623223562825583 17.45240388011645 17.95167949439207
 30240 65536 13448.954 13840.914 13968.945 283.74492705068275 286.36961980979 294.71565446651095 17.73405794066767 17.898101238111874 18.419728404156935
 33264 32768 7555.962 7589.102 8063.078 270.36691248676993 287.25262936247265 288.5125023127432 16.89793203042312 17.95328933515454 18.03203139454645
 36576 32768 8251.19 8586.168 8656.979 276.89159647955717 279.17514961272593 290.50897337232567 17.305724779972323 17.44844685079537 18.156810835770354
 40224 32768 9055.138 9068.012 9552.002 275.9756608091162 290.7054009191871 291.1187067496928 17.248478800569764 18.169087557449195 18.1949191718558
 44240 32768 10189.056 10378.122 11447.906 253.26139470397467 279.367754589896 284.55164443104445 15.828837168998417 17.4604846618685 17.784477776940278
 48656 32768 10720.015 11739.016 11753.798 271.29270181434117 271.6343189241756 297.45477184500214 16.955793863396323 16.977144932760975 18.590923240312634
 53520 32768 12140.989 12150.049 12243.032 286.48840581320053 288.6808703405229 288.89629337445245 17.905525363325033 18.042554396282682 18.05601833590328
 58864 32768 13329.029 13386.011 13458.014 286.6478741959995 288.18974554854316 289.4217653814092 17.91549213724997 18.011859096783947 18.088860336338076
 64736 32768 14231.92 15056.849 15656.948 270.968422198247 281.7680177306686 298.10022091186573 16.93552638739044 17.610501108166787 18.63126380699161
 71200 16384 7922.888 7936.001 8092.88 288.28817429641856 293.98705972945316 294.4736313324131 18.01801089352616 18.374191233090823 18.40460195827582
 78320 16384 8636.951 8873.94 10493.994 244.55795953380567 289.2052188768461 297.1407108828104 15.284872470862854 18.075326179802882 18.57129443017565
 86144 16384 9466.171 9533.167 9608.984 293.76327320349367 296.0995639749099 298.19518282524155 18.360204575218354 18.50622274843187 18.637198926577597
 94752 16384 10589.123 10689.974 10915.995 284.4297323331496 290.44350678495573 293.2096960248739 17.77685827082185 18.152719174059733 18.32560600155462
 104224 16384 11448.86 11479.855 11890.888 287.21253046870845 297.4960948548566 298.3014930744196 17.950783154294278 18.593505928428538 18.643843317151227
 114640 16384 12639.999 12833.118 13046.98 287.9228388485305 292.7210300723487 297.19333996782757 17.995177428033156 18.295064379521794 18.574583747989223
 126096 16384 13811.827 14277.935 14708.042 280.92887741277866 289.39154912807766 299.157651482313 17.558054838298666 18.086971820504854 18.69735321764456
 138704 8192 7892.847 8028.984 8038.044 282.7213108064599 283.0403368595578 287.9222587236266 17.670081925403743 17.69002105372236 17.995141170226663
 152560 8192 8439.064 8538.008 8622.885 289.8731735376269 292.7548252472942 296.1872359304302 18.11707334610168 18.297176577955888 18.511702245651886
 167808 8192 9330.988 9428.978 9562.016 287.5299802886755 291.58687951122596 294.6489987984123 17.97062376804222 18.224179969451622 18.41556242490077
 184576 8192 10107.04 10617.971 10972.023 275.61856040586133 284.8089511640218 299.2066108375943 17.226160025366333 17.80055944775136 18.700413177349645
 203024 8192 11327.028 11605.978 15083.075 220.53495165939304 286.60619690990285 293.6644295396816 13.783434478712065 17.912887306868928 18.3540268462301
 223312 8192 12183.905 12187.004 12827.873 285.21827492367595 300.21683819911766 300.2931989374507 17.826142182729747 18.763552387444854 18.76832493359067
 245632 8192 13451.099 13602.018 13738.871 292.92324587660806 295.8704133460197 299.1900281159183 18.307702867288004 18.49190083412623 18.699376757244895
 270192 4096 8836.031 8939.981 9840.012 224.9400573901739 247.58585773280726 250.49853989873955 14.058753586885869 15.474116108300453 15.656158743671222
 297200 4096 11512.041 11646.986 12105.942 201.1130071497121 209.03797772230513 211.48833642965658 12.569562946857006 13.06487360764407 13.218021026853537
 326912 4096 12489.08 12779.951 13580.084 197.20519431249465 209.551907045653 214.43237644406153 12.325324644530916 13.096994190353312 13.402023527753846
 359600 4096 13842.106 14056.921 14642.954 201.17820488953254 209.5653237291438 212.81755825305774 12.573637805595784 13.097832733071488 13.301097390816109
 395552 4096 15037.06 15762.091 15836.0 204.61997878252086 205.57944907182684 215.49172404712093 12.788748673907554 12.848715566989178 13.468232752945058
 435104 4096 16540.051 17176.151 17742.157 200.8984571605358 207.51866748260423 215.49945450591417 12.556153572533487 12.969916717662764 13.468715906619636
 478608 4096 18363.953 18837.929 19276.142 203.3994528573197 208.13098594861464 213.50287359154098 12.71246580358248 13.008186621788415 13.343929599471311
 526464 2048 9994.03 10547.161 10802.031 199.62880536076966 204.45279483265688 215.76846817550077 12.476800335048104 12.778299677041055 13.485529260968798
 579104 2048 11084.795 11583.09 11651.039 203.58785031961526 204.78214224356367 213.98771777015273 12.724240644975954 12.79888389022273 13.374232360634545
 637008 2048 12120.008 13268.948 13647.079 191.18998050791674 196.63840479290445 215.27912918869362 11.949373781744796 12.289900299556528 13.454945574293351
 700704 2048 13280.869 14070.034 14466.047 198.40137281456364 203.9855471564603 216.10661049363563 12.400085800910228 12.74909669727877 13.506663155852227
 770768 2048 14578.819 15588.045 15687.943 201.2415348525935 202.53121722448196 216.5515415206129 12.577595928287094 12.658201076530123 13.534471345038305
 847840 2048 16105.175 16896.963 17632.961 196.94665235180864 205.52525563321643 215.62961222091658 12.30916577198804 12.845328477076027 13.476850763807287
 932624 2048 17750.978 18532.991 19593.954 194.95952190150084 206.1204208214421 215.20098239094204 12.184970118843802 12.882526301340132 13.450061399433878
 1025872 2048 19379.139 19815.922 21037.102 199.74099626459957 212.05027512724362 216.8296389225548 12.483812266537473 13.253142195452726 13.551852432659675
 1128448 1024 10633.23 11320.829 12168.169 189.92680854449014 204.14242667211033 217.34331938648936 11.870425534030634 12.758901667006896 13.583957461655585
 1241280 1024 11912.107 12441.874 12694.12 200.2613367448866 204.32142617743918 213.40821065492443 12.516333546555412 12.770089136089949 13.338013165932777
 1365408 1024 13098.001 13195.992 13721.943 203.78714472141448 211.90946341889264 213.49483665484527 12.736696545088405 13.24434146368079 13.34342729092783
 1501936 1024 14152.05 14879.942 15764.952 195.11413215847406 206.71887887735048 217.35119138216726 12.194633259904629 12.919929929834405 13.584449461385454
 1652128 1024 15571.117 16096.83 19823.074 170.6878632446209 210.20027819142032 217.29707277904342 10.667991452788806 13.13751738696377 13.581067048690214
 1817328 1024 17140.865 17676.115 21291.018 174.81022955313833 210.56028114775216 217.13535133728664 10.925639347071145 13.16001757173451 13.570959458580415
 1999056 1024 18865.108 19643.068 19994.02 204.76455900314193 208.42297588136435 217.01793003252354 12.79778493769637 13.026435992585272 13.563620627032721
 2198960 512 10406.017 10764.122 12783.051 176.1500474339029 209.18891852024717 216.38779179392074 11.009377964618931 13.074307407515448 13.524236987120046
 2418848 512 11410.952 11948.824 14827.967 167.04247804166275 207.2923956365915 217.06342748615543 10.440154877603922 12.955774727286968 13.566464217884715
 2660720 512 12501.955 12694.12 14986.038 181.8077119516179 214.633017491563 217.93209781990097 11.362981996976119 13.414563593222688 13.620756113743811
 2926784 512 13715.029 14039.993 15140.057 197.95346979208864 213.4635548607467 218.52136193076953 12.37209186200554 13.34147217879667 13.657585120673096
 3219456 512 15174.866 15699.863 17765.045 185.57357687526266 209.98418546709613 217.24889985848966 11.598348554703916 13.124011591693508 13.578056241155604
 3541392 512 16965.866 17902.136 18572.092 195.25993129906956 202.567191311696 213.74596545793767 12.203745706191848 12.660449456981 13.359122841121104
 3895520 512 18418.074 19317.865 21611.929 184.57456897993697 206.4934442807215 216.58141236700428 11.53591056124606 12.905840267545093 13.536338272937767
 4285072 256 10185.957 11641.026 14749.05 148.75241890155638 188.46765431157013 215.39035203074192 9.297026181347274 11.779228394473133 13.46189700192137
 4713568 256 11120.796 11394.024 11855.841 203.55762328459025 211.80812116948323 217.0120570505924 12.72235145528689 13.238007573092702 13.563253565662025
 5184912 256 12228.966 12455.94 15723.944 168.83009402730002 213.12521929296383 217.0808998896554 10.551880876706251 13.32032620581024 13.567556243103462
 5703392 256 13586.998 13767.004 16609.907 175.80692679375025 212.11127010640803 214.9214053023339 10.98793292460939 13.256954381650502 13.43258783139587
 6273728 256 14940.977 15376.806 18842.936 170.4696516508892 208.89570538901253 214.98920291490978 10.654353228180575 13.055981586813283 13.436825182181861
 6901088 256 16288.042 16463.041 23082.972 153.072015856537 214.62359572572282 216.92951528489428 9.567000991033563 13.413974732857676 13.558094705305892
 7591184 256 17897.129 18221.14 25075.912 154.99680362572656 213.30642363759895 217.16813953791134 9.68730022660791 13.331651477349935 13.573008721119459
 8350288 256 19882.917 19951.82 26973.009 158.50465389308255 214.28358194891499 215.02616824281873 9.90654086831766 13.392723871807187 13.43913551517617
 9185312 128 10979.176 11070.967 13854.027 169.7297018404829 212.39697236926094 214.17270950023934 10.608106365030181 13.274810773078809 13.385794343764958
 10103840 128 12073.994 14630.079 14920.95 173.3524366746085 176.7989796910871 214.22762343595662 10.834527292163031 11.049936230692945 13.389226464747289
 11114224 128 13267.04 13335.943 16033.888 177.45174121211275 213.35134260846797 214.45939290150628 11.090733825757047 13.334458913029248 13.403712056344142
 12225632 128 14674.902 17106.056 18600.941 168.25825059065562 182.96220893933702 213.2730966107985 10.516140661915976 11.435138058708564 13.329568538174906
 13448192 128 16150.951 18661.976 32768.965 105.06090601274713 184.47870429154983 213.1600270473237 6.566306625796695 11.529919018221864 13.322501690457731
 14793008 128 18595.934 22110.939 28553.009 132.63085680391865 171.27314439246564 203.64720847041076 8.289428550244915 10.704571524529102 12.727950529400673
 16272304 128 19893.885 20653.963 25995.97 160.24444650459284 201.6905822867989 209.3964966621653 10.015277906537053 12.605661392924931 13.087281041385332
 17899520 64 11010.885 11519.909 21711.111 105.52838866698252 198.8851266099411 208.0794195925214 6.595524291686408 12.430320413121319 13.004963724532587
 19689472 64 12691.021 12975.931 21106.005 119.4092589289162 194.22517089525212 198.58547361949837 7.463078683057263 12.139073180953257 12.411592101218648
 21658416 64 14475.822 14544.964 20773.172 133.45469088688046 190.60048880148483 191.5108688128384 8.340918180430029 11.912530550092802 11.9694293008024
 23824256 64 15959.024 15964.031 25691.986 118.69478552572774 191.02348072363426 191.0834126197191 7.418424095357984 11.938967545227142 11.942713288732444
 26206672 64 17355.919 23049.831 28482.914 117.77074550728904 145.53052540819064 193.2743530319541 7.360671594205565 9.095657838011915 12.07964706449713
 28827328 64 19081.831 22136.927 29065.847 126.949611480443 166.68519456200943 193.37232281325626 7.934350717527687 10.41782466012559 12.085770175828516
 31710048 64 20403.147 20550.966 36581.039 110.9560104074682 197.5034236346846 198.93431851468793 6.934750650466762 12.343963977167787 12.433394907167996
 34881040 32 10853.052 11083.841 17918.11 124.58828302761843 201.40911079471456 205.69205417978282 7.786767689226152 12.58806942466966 12.855753386236426
 38369136 32 11958.122 11963.129 18269.062 134.4143833985565 205.26608916446523 205.3520363816325 8.400898962409782 12.829130572779077 12.834502273852031
 42206048 32 13301.849 13360.977 22437.811 120.38549892411518 202.16987664899057 203.06854122310364 7.524093682757199 12.63561729056191 12.691783826443977
 46426640 32 16419.888 16770.84 26843.071 110.69169246693122 177.1709085531792 180.9576874093173 6.918230779183201 11.0731817845737 11.30985546308233
 51069296 32 18188.0 18795.967 30596.972 106.82216998466384 173.89022570639756 179.70282296019354 6.67638562404149 10.868139106649847 11.231426435012096
 56176224 32 22034.168 22122.86 36575.794 98.29665860432175 162.51417474955767 163.16832729967385 6.143541162770109 10.157135921847354 10.198020456229616
 61793840 32 25886.059 25928.02 37609.1 105.15555437380847 152.53018780454505 152.7774374616082 6.572222148363029 9.533136737784066 9.548589841350513
 67973216 16 14552.116 21111.012 23182.869 93.8254411910795 103.03356902075562 149.47262047663722 5.864090074442469 6.439598063797226 9.342038779789826
 74770528 16 15928.03 18596.888 25109.053 95.29060677835999 128.6589936983005 150.21674971732224 5.955662923647499 8.04118710614378 9.38854685733264
 82247568 16 17477.036 18910.17 25841.951 101.84688361958428 139.1802493578852 150.59316556880694 6.365430226224017 8.698765584867825 9.412072848050434
 90472320 16 19656.897 19773.96 28723.001 100.79428121037908 146.41044282480595 147.28236303013645 6.299642575648693 9.150652676550372 9.205147689383528
 99519552 16 21842.003 27652.979 31107.187 102.37588066063317 115.16392732949315 145.8028214720051 6.398492541289573 7.197745458093322 9.112676342000318
 109471504 16 23740.053 27264.118 36500.931 95.97256924761729 128.48712465226274 147.56024883347985 5.99828557797608 8.030445290766421 9.22251555209249
 120418640 16 26947.975 27538.061 46087.027 83.6113051944097 139.92984037619786 142.9939162404596 5.225706574650606 8.745615023512366 8.937119765028726
 132460496 16 29175.043 33825.159 42785.883 99.06856128223414 125.31311004332605 145.2863624571179 6.191785080139634 7.832069377707878 9.080397653569868
 145706544 8 16035.795 22482.872 25069.952 92.99198913504102 103.69247772259699 145.38129877564538 5.811999320940064 6.480779857662312 9.086331173477836
 160277184 8 17489.91 20397.186 26849.985 95.5097346981758 125.72493793996877 146.62367868102237 5.969358418635988 7.857808621248048 9.163979917563898
 176304896 8 19142.866 19627.81 29083.014 96.99401636983016 143.7184452060622 147.35924787855694 6.062126023114385 8.982402825378887 9.209952992409809
 193935376 8 20736.933 25669.098 29833.078 104.0109242499215 120.88332889609131 149.63476112885158 6.500682765620094 7.555208056005707 9.352172570553224
 213328912 8 23187.876 27040.005 34592.867 98.66954918769815 126.23010210242194 147.20031243913846 6.1668468242311345 7.889381381401371 9.200019527446154
 234661792 8 25331.02 25596.142 36877.871 101.81142702082775 146.6857259973007 148.22098249498046 6.363214188801734 9.167857874831293 9.263811405936279
 258127968 8 29805.899 31413.078 42065.144 98.18217876539303 131.4754156851487 138.56476826952945 6.136386172837065 8.217213480321794 8.66029801684559
 283940752 4 15419.006 15584.946 22840.977 99.44959955084235 145.75129204810847 147.3198736676022 6.215599971927647 9.10945575300678 9.207492104225137
 312334816 4 16642.094 17138.958 22751.093 109.82674669740044 145.78940726734965 150.14207514991804 6.864171668587527 9.111837954209353 9.383879696869878
 343568288 4 18338.919 18757.105 22933.96 119.84612792557412 146.5336097441476 149.87504465230472 7.490382995348383 9.158350609009226 9.367190290769045
 377925104 4 20210.028 20238.876 29964.209 100.90040528017944 149.3858073936517 149.59904221805138 6.306275330011215 9.336612962103231 9.349940138628211
 415717600 4 22286.892 25723.934 28506.994 116.66402988684112 129.28585495515577 149.22407305603673 7.29150186792757 8.080365934697236 9.326504566002296
 457289360 4 24525.881 28458.118 38469.791 95.0957825583196 128.5508367067703 149.1614054557306 5.943486409894975 8.034427294173144 9.322587840983163
 503018288 4 30321.121 31172.991 43116.093 93.3328143623774 129.09079863398415 132.71759655587934 5.833300897648588 8.06817491462401 8.294849784742459
 553320112 2 15340.09 17065.048 26593.924 83.22504223145107 129.6967021715966 144.28079939557068 5.201565139465692 8.106043885724787 9.017549962223168
 608652112 2 16491.175 18800.974 23518.085 103.52069260741257 129.49374048387068 147.6309873614221 6.470043287963286 8.093358780241918 9.22693671008888
 669517312 2 18438.101 18487.93 26057.959 102.77356135221488 144.85500799710945 145.24647890799602 6.42334758451343 9.05343799981934 9.077904931749751
 736469040 2 19992.828 20098.925 28779.984 102.35850582821728 146.5688418659207 147.34664650743755 6.39740661426358 9.160552616620043 9.209165406714847
 810115936 2 22031.069 22598.028 36016.941 89.9705431396853 143.395863745279 147.08608756116192 5.6231589462303315 8.962241484079938 9.19288047257262
 891127520 2 24075.985 27126.074 36140.919 98.62809742054428 131.40530693826167 148.05251290860994 6.164256088784017 8.212831683641355 9.253282056788121
 980240272 2 26510.0 26852.131 35675.049 109.90765809459715 146.02048113052925 147.9049825726141 6.869228630912322 9.126280070658078 9.244061410788381
 1078264288 1 17458.916 18110.037 29908.18 72.10497516064167 119.07919216288735 123.52018739307753 4.5065609475401045 7.4424495101804595 7.720011712067346
 1186090704 1 16266.108 23535.967 29226.065 81.16663697285283 100.78963010102792 145.83583288639173 5.072914810803302 6.299351881314245 9.114739555399483
 1304699760 1 17827.988 25542.021 27273.178 95.6764011880097 102.16104356033534 146.36533971191815 5.979775074250607 6.385065222520959 9.147833731994885
 1435169728 1 19226.789 31399.012 37829.876 75.87493694137406 91.4149609548224 149.28855026182478 4.742183558835879 5.7134350596764 9.330534391364049
 1578686688 1 21274.09 23263.931 29385.09 107.44814380354119 135.71968451935314 148.41402739200595 6.715508987721324 8.482480282459571 9.275876712000372
 1736555344 1 23535.967 25738.001 36808.014 94.3574594380452 134.94096484027645 147.56609269549025 5.897341214877825 8.433810302517278 9.222880793468141
 1910210864 1 25676.966 28213.978 42652.845 89.57015008025841 135.4088291980663 148.78789526768855 5.598134380016151 8.463051824879143 9.299243454230535
 2101231936 1 28499.126 34482.002 52839.994 79.53187640407377 121.87412645008257 147.45939478986128 4.970742275254611 7.617132903130161 9.21621217436633
 
META_DATA
 FLOPS          1
 OPENMP_THREADS 2
 ERT_VERSION  1.1.0
 HOSTNAME  ('localhost', ['1.0.0.0.0.0.0.0.0.0.0.0.0.0.0.0.0.0.0.0.0.0.0.0.0.0.0.0.0.0.0.0.ip6.arpa'], ['::1'])
 UNAME  uname_result(system='Darwin', node='Rezas-MacBook-Pro.local', release='21.6.0', version='Darwin Kernel Version 21.6.0: Wed Aug 10 14:28:23 PDT 2022; root:xnu-8020.141.5~2/RELEASE_ARM64_T6000', machine='arm64')
 TIMESTAMP_DATA  1705686798.69222
 CONFIG  {'ERT_RESULTS': ['Results.MyMacBookPro'], 'ERT_DRIVER': ['driver1'], 'ERT_KERNEL': ['kernel1'], 'ERT_MPI': ['False'], 'ERT_OPENMP': ['True'], 'ERT_OPENMP_CFLAGS': ['-Xpreprocessor', '-fopenmp', '-I/opt/homebrew/opt/libomp/include'], 'ERT_OPENMP_LDFLAGS': ['-L/opt/homebrew/opt/libomp/lib', '-lomp'], 'ERT_FLOPS': ['1,2,4,8,16'], 'ERT_ALIGN': ['32'], 'ERT_CC': ['clang'], 'ERT_CFLAGS': ['-O3', '-std=c++11', '-Xpreprocessor', '-fopenmp', '-I/opt/homebrew/opt/libomp/include'], 'ERT_LD': ['clang'], 'ERT_LDFLAGS': ['-L/opt/homebrew/opt/libomp/lib', '-lomp', '-lc++'], 'ERT_LDLIBS': [], 'ERT_PRECISION': ['FP64'], 'ERT_RUN': ['export', 'OMP_NUM_THREADS=ERT_OPENMP_THREADS;', './ERT_CODE'], 'ERT_PROCS_THREADS': ['1-10'], 'ERT_OPENMP_THREADS': ['1,2,4,8,10'], 'ERT_NUM_EXPERIMENTS': ['3'], 'ERT_MEMORY_MAX': ['2147483648', '#', 'Adjusted', 'to', '2GB,', 'consider', 'your', "system's", 'RAM'], 'ERT_WORKING_SET_MIN': ['1'], 'ERT_TRIALS_MIN': ['1'], 'ERT_GNUPLOT': ['gnuplot'], 'ERT_GPU': [False], 'ERT_HIP': [False], 'ERT_OCL': [False], 'ERT_SYCL': [False], 'ERT_WSS_MULT': [1.1]}
 TIMESTAMP_DATA  1705686814.999607
 TIMESTAMP_DATA  1705686831.3649092
 