fp64
 64 33554432 170356.035 178910.971 198308.945 21.657960491898134 24.006170622147035 25.211712024173373 1.3536225307436334 1.5003856638841897 1.5757320015108358
 128 16777216 103507.042 103707.075 139447.927 30.79979307257827 41.414409730483676 41.494445334453665 1.924987067036142 2.5884006081552298 2.593402833403354
 192 8388608 57265.997 58204.889 61705.112 52.203543071115405 55.34286770996161 56.25022946863214 3.262721441944713 3.4589292318726006 3.515639341789509
 256 8388608 78218.937 85383.892 87301.016 49.19722006442628 50.3018449428377 54.90955848709629 3.0748262540266427 3.143865308927356 3.431847405443518
 320 4194304 47940.016 48075.914 52027.941 51.59447997375103 55.83574677332188 55.994027202660924 3.2246549983594393 3.4897341733326175 3.4996267001663077
 384 4194304 52601.814 57385.921 58066.13 55.47511900655339 56.132678815070335 61.23791609163897 3.467194937909587 3.508292425941896 3.8273697557274358
 448 4194304 58621.168 59803.963 62404.871 60.22120266861861 62.84025665656973 64.1081798984285 3.763825166788663 3.927516041035608 4.006761243651781
 512 4194304 24163.008 26741.028 29233.932 146.9171952647355 160.61339511704637 177.74969473999263 9.18232470404597 10.038337194815398 11.10935592124954
 576 2097152 10838.032 12500.048 12567.997 192.22785492389917 193.27278615250114 222.91123554534624 12.014240932743698 12.079549134531321 13.93195222158414
 640 2097152 17498.016 17534.971 22994.995 116.73647069721041 153.085771285279 153.40908134956558 7.2960294185756505 9.567860705329938 9.588067584347849
 704 2097152 18882.99 18940.926 20005.941 147.59565750993667 155.8947020858431 156.37301168935636 9.224728594371042 9.743418880365194 9.773313230584773
 768 2097152 22486.925 23005.009 25303.125 127.30544041496852 140.02278686350436 143.24882001429722 7.956590025935532 8.751424178969023 8.953051250893576
 832 2097152 25602.818 26228.905 30673.981 113.76615666548142 133.04638253102829 136.299876365172 7.110384791592589 8.315398908189268 8.51874227282325
 896 2097152 28901.815 28918.028 30791.998 122.04782502259191 129.95686925816656 130.02977093307118 7.627989063911994 8.12230432863541 8.126860683316949
 960 2097152 31855.822 32902.002 34027.815 118.33060218530045 122.37953909309226 126.39861686821328 7.395662636581278 7.648721193318266 7.89991355426333
 1024 2097152 14353.037 15039.206 16402.006 261.8562202696426 285.5847107885882 299.23752694290414 16.366013766852664 17.849044424286763 18.70234543393151
 1088 1048576 7780.075 7972.002 9223.938 247.36737996287488 286.2143506737705 293.27498462418424 15.46046124767968 17.888396917110658 18.329686539011515
 1152 1048576 6982.803 7390.976 7399.082 326.51606023558054 326.8741643864085 345.9812777189905 20.407253764723784 20.42963527415053 21.623829857436906
 1216 1048576 8203.983 11481.047 15073.061 169.18506678902182 222.11709716021542 310.84131110461834 10.574066674313864 13.882318572513464 19.427581944038646
 1280 1048576 11656.046 12294.054 14472.008 185.48597817248304 218.34575966560746 230.29718310995 11.59287363578019 13.646609979100466 14.393573944371875
 1408 1048576 15073.061 16002.178 23756.027 124.29645815775508 184.52425763542936 195.8984983872884 7.768528634859693 11.532766102214335 12.243656149205526
 1536 1048576 10520.935 11304.855 12840.033 250.87361317529326 284.941776962199 306.1729277863612 15.679600823455829 17.80886106013744 19.135807986647574
 1664 1048576 8818.865 9595.871 9870.052 353.5605413223761 363.66275953480414 395.7040875441454 22.097533832648505 22.72892247092526 24.731505471509088
 1792 1048576 9308.1 9663.105 12299.061 305.55961825053146 388.9118853618997 403.74473673467196 19.097476140658216 24.30699283511873 25.234046045916998
 1920 1048576 12139.082 12742.043 20654.917 194.9430172002143 316.0036298731687 331.69986330103046 12.183938575013395 19.750226867073042 20.731241456314404
 2112 524288 5706.787 8632.898 9069.204 244.18819027557436 256.5294426043259 388.0629348878799 15.261761892223397 16.033090162770367 24.253933430492495
 2304 524288 8916.855 8922.1 9132.862 264.53034152930377 270.7792004124589 270.93847595368544 16.533146345581486 16.923700025778682 16.93365474710534
 2496 524288 6568.193 8470.058 14547.11 179.91516500528283 308.9997371918822 398.47271479385574 11.244697812830177 19.31248357449264 24.904544674615984
 2688 524288 5888.939 7361.174 7375.002 382.17918964632145 382.8971150525718 478.6214100706426 23.88619935289509 23.931069690785737 29.91383812941516
 2944 524288 4194.021 5385.876 7982.969 386.6992022642203 573.1672515297419 736.049663079894 24.168700141513767 35.822953220608866 46.003103942493375
 3200 524288 3895.998 5259.037 7074.118 474.3267217199373 638.033769300349 861.2538302124385 29.645420107496083 39.877110581271815 53.82836438827741
 3520 524288 4219.055 6464.005 6513.834 566.6382532929148 571.006290991421 874.8374979705171 35.414890830807174 35.68789318696381 54.67734362315732
 3840 524288 6083.965 7685.184 7845.163 513.2502460433263 523.9343443175856 661.8269237249062 32.078140377707896 32.7458965198491 41.36418273280664
 4224 262144 3110.17 3844.023 6269.932 353.20837801749684 576.113231372445 712.048702160975 22.075523626093553 36.00707696077781 44.50304388506094
 4608 262144 3685.951 3916.025 5671.024 426.011087944611 616.9314812852318 655.4398319456769 26.625692996538188 38.55821758032699 40.96498949660481
 5056 262144 3084.898 4060.03 4470.825 592.9107330302573 652.9016110718394 859.2829091918113 37.056920814391084 40.80635069198996 53.70518182448821
 5504 262144 5521.059 6870.031 7044.077 409.6606485136378 420.03902922708795 522.6680519081575 25.603790532102362 26.252439326692997 32.666753244259844
 6016 262144 3649.95 5326.033 5944.967 530.5524165230859 592.2074850080726 864.1533741558103 33.15952603269287 37.012967813004536 54.009585884738144
 6592 262144 3534.794 4000.902 4044.056 854.6139064345301 863.8318299223525 977.739154247744 53.41336915215813 53.989489370147034 61.108697140484
 7232 262144 5309.105 6238.937 6321.192 599.8316165685206 607.7398787646036 714.1789088744714 37.48947603553254 37.98374242278773 44.63618180465446
 7936 262144 4066.944 5180.12 7611.99 546.6047075731839 803.2149000409257 1023.0653699682119 34.16279422332399 50.20093125255786 63.941585623013246
 8704 131072 2416.134 3468.99 3883.839 587.4860868331566 657.7422754173405 944.3604435846688 36.71788042707229 41.10889221358378 59.0225277240418
 9536 131072 2326.012 2576.828 2630.949 950.1534176451158 970.1094461873279 1074.7172344768642 59.38458860281974 60.63184038670799 67.16982715480401
 10432 131072 2483.845 3355.026 6164.789 443.5976978287497 815.1013458614032 1100.9890746000656 27.724856114296855 50.9438341163377 68.8118171625041
 11456 131072 2977.848 3129.959 7975.101 376.5622108108725 959.4763586360077 1008.4872243311278 23.53513817567953 59.96727241475048 63.030451520695486
 12544 131072 2974.987 3876.925 4715.919 697.2838880396378 848.1810548308259 1105.327295883982 43.58024300247736 53.01131592692662 69.08295599274888
 13760 131072 3630.877 6026.03 17654.896 204.3116787547205 598.586704679532 993.4518409739576 12.769479922170031 37.41166904247075 62.09074006087235
 15104 131072 3967.047 4180.193 6885.052 575.0752464905131 947.1866432961348 998.0781614132627 35.94220290565707 59.19916520600842 62.37988508832892
 16576 65536 2222.776 2392.054 3772.02 575.9909735367256 908.2777696490127 977.4486821883987 35.99943584604535 56.767360603063295 61.09054263677492
 18176 65536 2205.133 2393.007 4040.003 589.6937878511476 995.5527384583497 1080.3723276555202 36.855861740696724 62.22204615364686 67.52327047847001
 19968 65536 2327.919 6604.195 7875.919 332.30987977403015 396.3004871903389 1124.285551172528 20.769367485876884 24.768780449396182 70.267846948283
 21952 65536 2752.066 2766.132 4855.871 592.538917117032 1040.1862759983976 1045.5027401232385 37.0336823198145 65.01164224989985 65.3439212577024
 24128 65536 2974.033 3405.094 3924.847 805.765222440518 928.7570962798677 1063.3726041372104 50.36032640253237 58.04731851749173 66.46078775857565
 26496 65536 3314.972 3426.075 4532.814 766.165060379711 1013.662488999803 1047.635911253549 47.88531627373194 63.35390556248769 65.47724445334681
 29120 65536 3407.955 6008.863 6639.004 574.9080193354305 635.1978136296334 1119.9727226445184 35.931751208464405 39.69986335185209 69.9982951652824
 32000 65536 4493.952 4857.063 6574.869 637.9296682565082 863.5473742053582 933.3219402432425 39.87060426603176 53.97171088783489 58.332621265202654
 35200 32768 2067.089 2286.911 8168.936 282.39506344522715 1008.7262687529161 1115.9980049238327 17.649691465326697 63.045391797057256 69.74987530773954
 38720 32768 2629.042 3483.057 4312.992 588.3511770946944 728.5421743026313 965.2009819546437 36.7719485684184 45.53388589391446 60.32506137216523
 42560 32768 2756.834 2923.965 6304.979 442.38246630163235 953.9143457599525 1011.7446897419287 27.64890414385202 59.619646609997034 63.234043108870544
 46784 32768 3585.1 4055.023 6022.93 509.06057749301414 756.1082203479485 855.2163744386488 31.816286093313384 47.25676377174678 53.45102340241555
 51456 32768 3282.07 3512.144 4492.998 750.5501707323263 960.1600663298545 1027.4675482241391 46.90938567077039 60.01000414561591 64.2167217640087
 56576 32768 3874.779 4266.024 5193.949 713.8623686909518 869.138273952514 956.8970865177085 44.61639804318449 54.32114212203213 59.806067907356784
 62208 32768 4406.929 5470.037 6792.068 600.2389092688707 745.3082105294717 925.1030565729558 37.514931829304416 46.58176315809198 57.818941035809736
 68416 16384 2152.92 3834.963 5851.03 383.1556987402218 584.5833422643191 1041.3092395444328 23.947231171263862 36.53645889151994 65.08182747152705
 75200 16384 2304.077 4086.971 6127.119 402.1716568586313 602.9290640917197 1069.4753690957375 25.135728553664457 37.683066505732484 66.8422105684836
 82688 16384 2667.904 3894.806 4017.83 674.3740735670748 695.6753132248435 1015.5989061075661 42.148379597942174 43.47970707655272 63.47493163172288
 90944 16384 3054.857 3836.87 4205.942 708.5340197273287 776.6885487389461 975.5130901380982 44.28337623295804 48.54303429618413 60.969568133631135
 100032 16384 3556.013 3582.954 3610.849 907.7778040566081 914.8452857614135 921.7763197153666 56.73611275353801 57.17783036008834 57.611019982210415
 110016 16384 3415.108 3538.132 5798.101 621.7560349500638 1018.9004502941099 1055.6047679897679 38.85975218437899 63.68127814338187 65.97529799936049
 120960 16384 3614.902 3819.942 7215.023 549.3561531266082 1037.6119009136787 1096.4660397432626 34.33475957041301 64.85074380710492 68.52912748395391
 133056 8192 1975.06 2252.102 3407.001 639.85584506726 967.9799156521331 1103.7586220165463 39.99099031670375 60.498744728258316 68.98491387603414
 146304 8192 2137.184 2151.012 5480.051 437.41285181470016 1114.379992301298 1121.5902495994726 27.33830323841876 69.64874951883112 70.09939059996704
 160896 8192 2609.015 3899.813 4352.093 605.7131738682974 675.9606329841969 1010.3890027462472 37.85707336676859 42.247539561512305 63.14931267164045
 176960 8192 2812.147 4416.943 4508.018 643.1457549637114 656.407076115766 1030.996117912755 40.19660968523196 41.025442257235376 64.43725736954718
 194624 8192 4513.025 5225.897 5479.097 581.9790407068903 610.1765143859514 706.559262578869 36.37369004418064 38.13603214912196 44.159953911179315
 214080 8192 3942.966 4291.058 5211.115 673.0779727563104 817.3943861863438 889.5554057529282 42.0673732972694 51.08714913664649 55.59721285955801
 235456 8192 3448.009 3921.032 6729.126 573.285610048021 983.8509616855969 1118.8228058569453 35.83035062800131 61.490685105349804 69.92642536605908
 258944 8192 5195.856 7184.982 7267.952 583.7323218425217 590.4730862234588 816.523494107612 36.48327011515761 36.90456788896618 51.03271838172575
 284800 4096 4068.136 4832.983 19199.848 121.51562866539358 482.7415283687114 573.5013775350676 7.594726791587099 30.17134552304446 35.843836095941725
 313280 4096 3108.025 3160.954 6898.88 372.0009276868129 811.9035455751649 825.7300890436852 23.250057980425805 50.74397159844781 51.608130565230326
 344576 4096 2482.891 2689.123 6371.021 443.06345748978066 1049.6978353165698 1136.887036925906 27.69146609311129 65.60611470728561 71.05543980786912
 379008 4096 4463.911 4593.134 5100.012 608.7894569659836 675.972775015926 695.5410930011822 38.049341060373976 42.248298438495375 43.471318312573885
 416896 4096 3098.011 5511.045 5712.986 597.7980747721069 619.7031655520867 1102.3886074000384 37.36237967325668 38.73144784700542 68.8992879625024
 458560 4096 4226.923 4289.15 5796.194 648.1017578086586 875.8200389354536 888.7134967918745 40.50635986304116 54.73875243346585 55.544593549492156
 504384 4096 3915.071 4687.071 5519.152 748.6501056684069 881.5556086092998 1055.386665529182 46.79063160427543 55.09722553808124 65.96166659557387
 554816 2048 2004.147 3579.855 3676.891 618.0564873965532 634.8096042996154 1133.9120014649623 38.62853046228457 39.675600268725965 70.86950009156014
 610240 2048 2943.039 3667.831 4690.17 532.9322903007779 681.477156390248 849.3068015748346 33.30826814379862 42.5923222743905 53.08167509842716
 671232 2048 2412.081 2981.186 5189.896 529.7536351402804 922.2390927637523 1139.8316524196327 33.109602196267524 57.63994329773452 71.23947827622705
 738304 2048 2677.917 3949.881 4023.075 751.6870016094654 765.6162765409895 1129.2706921088295 46.980437600591586 47.85101728381184 70.57941825680184
 812096 2048 4173.994 5342.007 6094.933 545.7558296375038 622.6770605130245 796.921417711669 34.109739352343986 38.91731628206403 49.807588606979316
 893248 2048 5585.194 6347.895 8447.886 433.0957837262482 576.3711920250729 655.079090896395 27.068486482890513 36.023199501567056 40.942443181024686
 982528 2048 4398.108 4509.926 5599.976 718.6521313662774 892.3504926688377 915.0377134895277 44.91575821039234 55.771905791802354 57.18985709309548
 1080768 1024 3661.156 3983.021 5417.109 408.5967005648215 555.7120748296331 604.5666625513909 25.537293785301344 34.73200467685207 37.78541640946193
 1188800 1024 3422.976 3859.043 5313.873 458.17097999895753 630.8979713364168 711.270660384414 28.635686249934846 39.43112320852605 44.454416274025874
 1307648 1024 3657.103 4851.103 6489.038 412.70572063224165 552.0524103487393 732.2908608261786 25.794107539515103 34.503275646796205 45.76817880163616
 1438400 1024 4045.01 4471.064 6539.106 450.49632166843605 658.8684930477399 728.2659869814909 28.156020104277253 41.17928081548374 45.51662418634318
 1582208 1024 4085.779 6241.083 6873.846 471.40450688013675 519.1986685644143 793.0830287198597 29.462781680008547 32.449916785275896 49.56768929499123
 1740416 1024 4715.919 7604.122 8175.135 436.0016033985983 468.7420806767698 755.8170460518936 27.250100212412395 29.29638004229811 47.23856537824335
 1914432 1024 5702.972 6360.054 7700.205 509.17563051892773 616.4659507607954 687.4935973734397 31.823476907432983 38.52912192254971 42.96834983583998
 2105856 512 3022.194 3778.934 4267.931 505.25571852028537 570.6362016378164 713.520225372693 31.578482407517836 35.664762602363524 44.59501408579331
 2316416 512 3031.969 3468.037 5632.877 421.100972735602 683.9632864355253 782.3331914013633 26.318810795975125 42.74770540222033 48.8958244625852
 2548032 512 4181.147 4684.925 5810.022 449.0834575153072 556.9320251658244 624.0356457211383 28.0677160947067 34.80825157286402 39.00222785757114
 2802816 512 3586.054 4108.191 5457.163 525.9296055477911 698.6246705666802 800.3458910546244 32.87060034673694 43.66404191041751 50.021618190914026
 3083072 512 4103.899 6067.991 6794.93 464.620787557782 520.2818738524827 769.2844604606497 29.038799222361376 32.51761711578017 48.08027877879061
 3391360 512 4540.92 5861.044 7548.809 460.03980760408695 592.5143438609231 764.7685138694361 28.752487975255434 37.03214649130769 47.79803211683976
 3730496 512 4724.026 4750.967 5049.944 756.449557460439 804.0527126372378 808.6382047854944 47.27809734127744 50.253294539827365 50.5398877990934
 4103488 512 5446.911 7108.927 8430.958 498.3978940471533 591.0838178532429 771.4412282484511 31.14986837794708 36.94273861582768 48.215076765528195
 4513792 256 2876.997 2959.013 4794.121 482.0615716624591 781.0244510585118 803.2895077749474 30.128848228903692 48.814028191156986 50.205594235934214
 4965120 256 3145.933 4170.179 4901.886 518.6047655943039 609.6000771189917 808.0723397478586 32.412797849643994 38.100004819936984 50.50452123424116
 5461632 256 3503.084 4040.003 4285.097 652.5769624351561 692.1667097771957 798.2553612759501 40.78606015219726 43.26041936107473 49.89096007974688
 6007744 256 4431.009 4680.872 6340.027 485.1659035521458 657.1350227051712 694.1906297188744 30.32286897200911 41.0709389190732 43.38691435742965
 6608512 256 4410.982 5037.069 5820.99 581.2685031240391 671.7315454682077 767.0759354719653 36.32928144525244 41.983221591762984 47.94224596699783
 7269312 256 6426.096 6696.939 7822.037 475.82077967670057 555.7595408887553 579.1833399314297 29.738798729793785 34.734971305547205 36.19895874571436
 7996224 256 6608.009 7160.902 8366.108 489.3633560551692 571.7249988898046 619.561306287567 30.585209753448076 35.73281243061279 38.72258164297294
 8795840 128 4396.915 4441.977 5023.956 448.19959410472535 506.9218143182641 512.1170275067859 28.012474631545334 31.682613394891508 32.00731421917412
 9675392 128 3376.961 3523.111 6721.02 368.5304242510809 703.0435180725217 733.4702272250108 23.033151515692555 43.940219879532606 45.84188920156318
 10642880 128 4098.177 4626.989 4647.97 586.1865029249328 588.8445552820637 664.826648531774 36.6366564328083 36.80278470512898 41.55166553323588
 11707136 128 4024.029 4216.909 7648.945 391.82224685888053 710.7165025377593 744.7826086740429 24.488890428680033 44.41978140860996 46.54891304212768
 12877824 128 4518.032 4718.065 6462.812 510.1065827073416 698.7447065693245 729.6811850823544 31.88166141920885 43.67154416058278 45.60507406764715
 14165568 128 5161.047 5532.98 7122.993 509.10978123943124 655.4127085223514 702.645298134274 31.819361327464453 40.96329428264696 43.91533113339212
 15582080 128 6841.898 7153.034 8334.875 478.592957902788 557.6672052726158 583.0271775463475 29.91205986892425 34.854200329538486 36.43919859664672
 17140288 64 2905.846 3165.96 5387.068 407.26362912070164 692.9831280243591 755.0148438699091 25.453976820043852 43.31144550152244 47.18842774186932
 18854272 64 3521.204 5123.854 6043.911 399.3021763556743 471.0022604078882 685.3754613478798 24.956386022229644 29.43764127549301 42.835966334242485
 20739648 64 4609.108 4690.886 6297.827 421.52236700055425 565.9218629487052 575.9628422679616 26.34514793753464 35.370116434294076 35.9976776417476
 22813568 64 6020.069 6819.01 7686.138 379.92249215405707 428.2347003450647 485.0669824548522 23.745155759628567 26.764668771566544 30.316686403428264
 25094912 64 7236.004 7663.965 8023.977 400.31878655684085 419.12361760524743 443.9119624588378 25.019924159802553 26.195226100327965 27.744497653677364
 27604352 64 9150.028 9505.033 11034.012 320.22414476257586 371.7353801927884 386.15805940703126 20.01400904766099 23.233461262049275 24.134878712939454
 30364736 64 11526.108 11666.059 23991.108 162.00528162350818 333.1618850890434 337.2071655063444 10.125330101469261 20.82261781806521 21.075447844146524
 33401152 64 14636.993 14890.909 15462.875 276.49110893026045 287.1112472717415 292.09192461866996 17.28069430814128 17.944452954483843 18.255745288666873
 36741248 32 8002.996 9047.031 9353.876 251.3866841938037 259.91287882179245 293.8199484293132 15.71166776211273 16.244554926362028 18.363746776832073
 40415360 32 10916.948 11226.892 12914.896 200.2790452203409 230.3917272919344 236.9327984341411 12.517440326271306 14.3994829557459 14.808299902133818
 44456896 32 12119.055 12890.1 20204.067 140.825178613791 220.7307425078161 234.77419188212284 8.801573663361937 13.795671406738506 14.673386992632677
 48902528 32 12072.086 13889.074 13944.864 224.4383159276419 225.33984569453656 259.2560881358864 14.027394745477618 14.083740355908535 16.2035055084929
 53792768 32 15619.993 16110.897 17238.855 199.7079940634108 213.68997343847454 220.40580632782613 12.481749628963176 13.355623339904659 13.775362895489133
 59172032 32 17698.05 19057.989 19396.067 195.2462861671905 198.7098454091877 213.97894389494888 12.202892885449407 12.41936533807423 13.373683993434305
 65089216 32 22035.122 22573.948 23227.93 179.34055354911092 184.53616638082096 189.04863898643268 11.208784596819433 11.53351039880131 11.815539936652042
 71598080 16 13345.957 13359.07 14297.962 160.2423170518987 171.50434573664185 171.6728564313522 10.01514481574367 10.719021608540116 10.729553526959512
 78757888 16 14801.979 16083.956 19550.085 128.91260656922975 156.69356568744655 170.2645582729174 8.05703791057686 9.79334785546541 10.641534892057338
 86633664 16 17108.917 17383.099 18014.908 153.8879492473678 159.4811861797485 162.036980365268 9.617996827960487 9.967574136234282 10.12731127282925
 95297024 16 18932.104 19016.981 19273.043 158.22642890383216 160.3569340475231 161.07585126301862 9.88915180648951 10.022308377970194 10.067240703938664
 104826688 16 21673.918 21962.881 22600.889 148.42133050606992 152.73287762202054 154.76915691939038 9.27633315662937 9.545804851376284 9.673072307461899
 115309312 16 23269.892 23365.974 23725.033 155.52762282775328 157.91757638692914 158.5696222397594 9.72047642673458 9.869848524183071 9.910601389984963
 126840192 16 25980.949 26252.985 26318.073 154.22429081338893 154.60665307202208 156.22547675221563 9.639018175836808 9.66291581700138 9.764092297013477
 139524160 8 13847.113 15024.9 16252.995 137.3523193725218 148.57912931200875 161.216750379664 8.584519960782613 9.286195582000547 10.076046898729
 153476544 8 15722.99 16211.033 16551.971 148.35844649558652 151.4786074397603 156.18051681009783 9.272402905974158 9.46741296498502 9.761282300631114
 168824192 8 17751.932 18443.108 18497.944 146.02634065710222 146.46051370517378 152.1629911606241 9.126646291068889 9.153782106573361 9.510186947539006
 185706560 8 18721.104 19440.889 20323.992 146.1969164325591 152.83791600270953 158.71419548761654 9.137307277034944 9.552369750169346 9.919637217976033
 204277184 8 21121.979 22317.886 22918.94 142.6084689780592 146.44912802225087 154.7409427876053 8.9130293111287 9.15307050139068 9.67130892422533
 224704896 8 23615.122 30611.038 37657.022 95.47431382120445 117.45038949675603 152.24474961425142 5.967144613825278 7.340649343547252 9.515296850890714
 247175360 8 25183.916 26238.918 43102.98 91.75249043105603 150.7228979487645 157.03696597463238 5.734530651941002 9.420181121797782 9.814810373414524
 271892864 4 14688.969 14915.943 16435.146 132.34703920488445 145.8267111908379 148.0800260385872 8.271689950305278 9.114169449427369 9.2550016274117
 299082112 4 15835.047 16286.135 16314.03 146.66252887851746 146.91373343030745 151.09881871522072 9.166408054907341 9.182108339394215 9.443676169701295
 328990272 4 17403.126 18218.994 18339.157 143.51380360613086 144.46034594445774 151.23272543105185 8.969612725383179 9.028771621528609 9.45204533944074
 361889280 4 19933.939 21777.868 27719.021 104.4450393828844 132.93836843900422 145.23543189331522 6.527814961430275 8.308648027437764 9.077214493332201
 398078208 4 22097.111 22173.882 31697.035 100.47077475858546 143.62057415115675 144.11954865955101 6.2794234224115915 8.976285884447297 9.007471791221938
 437886016 4 23786.068 24086.952 25843.859 135.5481829551848 145.43509398781546 147.27478824999574 8.47176143469905 9.089693374238466 9.204674265624734
 481674560 4 25675.058 27256.966 32190.084 119.70756211757632 141.37290555375824 150.08326290830578 7.48172263234852 8.83580659710989 9.380203931769111
 529841984 4 27837.992 30014.038 41514.158 102.10338053827323 141.22511179602026 152.26442596865465 6.381461283642077 8.826569487251266 9.516526623040916
 582826176 2 15282.154 15487.909 20017.147 116.46538360336763 150.5241736634687 152.55079251262615 7.279086475210477 9.407760853966794 9.534424532039134
 641108736 2 16957.998 16999.006 17199.993 149.09511556196563 150.8579351051467 151.22274126934087 9.318444722622852 9.42862094407167 9.451421329333805
 705219584 2 17923.117 18959.045 20130.873 140.12697492056105 148.78799728572827 157.38770973821127 8.757935932535066 9.299249830358017 9.836731858638204
 775741504 2 20061.97 22387.981 24291.992 127.7361698456018 138.59963593858686 154.66905872155127 7.983510615350112 8.662477246161679 9.666816170096954
 853315648 2 21836.996 22808.075 23595.81 144.65545331989026 149.65149807688724 156.3064165052739 9.040965832493141 9.353218629805452 9.769151031579618
 938647168 2 24013.996 24027.109 26046.991 144.1467335708758 156.2646871914553 156.3500165486827 9.009170848179737 9.766542949465956 9.771876034292669
 1032511872 2 26842.117 27436.018 28221.13 146.34592902552095 150.53377964688607 153.86444698083986 9.146620564095059 9.40836122793038 9.616527936302491
 1135763008 1 14899.015 15151.978 15182.972 149.6101037399002 149.91613741783416 152.461489299796 9.350631483743763 9.369758588614635 9.52884308123725
 1249339264 1 15897.036 16787.052 18219.948 137.13971785210364 148.84558217845517 157.17889347423005 8.571232365756478 9.302848886153448 9.823680842139378
 1374273152 1 17195.94 17735.958 21089.792 130.32590857226094 154.9702758655608 159.8369326713166 8.145369285766309 9.68564224159755 9.989808291957287
 1511700416 1 19222.021 19743.919 24163.008 125.12518441412591 153.13073518990834 157.28839501319865 7.8203240258828695 9.570670949369271 9.830524688324916
 1662870400 1 20941.973 21201.134 23046.017 144.30870201996294 156.8661751772335 158.80742468725367 9.019293876247684 9.804135948577093 9.925464042953354
 1829157440 1 23003.101 23249.865 23335.934 156.76745057643714 157.3477901914699 159.03572653095773 9.797965661027321 9.834236886966869 9.939732908184858
 2012073152 1 24981.022 27143.002 27143.002 148.25723050088567 148.25723050088567 161.0881373868531 9.266076906305354 9.266076906305354 10.068008586678319
 
META_DATA
 FLOPS          1
 OPENMP_THREADS 8
 ERT_VERSION  1.1.0
 HOSTNAME  ('localhost', ['1.0.0.0.0.0.0.0.0.0.0.0.0.0.0.0.0.0.0.0.0.0.0.0.0.0.0.0.0.0.0.0.ip6.arpa'], ['::1'])
 UNAME  uname_result(system='Darwin', node='Rezas-MacBook-Pro.local', release='21.6.0', version='Darwin Kernel Version 21.6.0: Wed Aug 10 14:28:23 PDT 2022; root:xnu-8020.141.5~2/RELEASE_ARM64_T6000', machine='arm64')
 TIMESTAMP_DATA  1705686888.87011
 CONFIG  {'ERT_RESULTS': ['Results.MyMacBookPro'], 'ERT_DRIVER': ['driver1'], 'ERT_KERNEL': ['kernel1'], 'ERT_MPI': ['False'], 'ERT_OPENMP': ['True'], 'ERT_OPENMP_CFLAGS': ['-Xpreprocessor', '-fopenmp', '-I/opt/homebrew/opt/libomp/include'], 'ERT_OPENMP_LDFLAGS': ['-L/opt/homebrew/opt/libomp/lib', '-lomp'], 'ERT_FLOPS': ['1,2,4,8,16'], 'ERT_ALIGN': ['32'], 'ERT_CC': ['clang'], 'ERT_CFLAGS': ['-O3', '-std=c++11', '-Xpreprocessor', '-fopenmp', '-I/opt/homebrew/opt/libomp/include'], 'ERT_LD': ['clang'], 'ERT_LDFLAGS': ['-L/opt/homebrew/opt/libomp/lib', '-lomp', '-lc++'], 'ERT_LDLIBS': [], 'ERT_PRECISION': ['FP64'], 'ERT_RUN': ['export', 'OMP_NUM_THREADS=ERT_OPENMP_THREADS;', './ERT_CODE'], 'ERT_PROCS_THREADS': ['1-10'], 'ERT_OPENMP_THREADS': ['1,2,4,8,10'], 'ERT_NUM_EXPERIMENTS': ['3'], 'ERT_MEMORY_MAX': ['2147483648', '#', 'Adjusted', 'to', '2GB,', 'consider', 'your', "system's", 'RAM'], 'ERT_WORKING_SET_MIN': ['1'], 'ERT_TRIALS_MIN': ['1'], 'ERT_GNUPLOT': ['gnuplot'], 'ERT_GPU': [False], 'ERT_HIP': [False], 'ERT_OCL': [False], 'ERT_SYCL': [False], 'ERT_WSS_MULT': [1.1]}
 TIMESTAMP_DATA  1705686897.446375
 TIMESTAMP_DATA  1705686906.103507
 