fp64
 8 268435456 5317605.019 5331923.008 5374905.825 0.7990776835610883 0.805519376321797 0.8076882883655184 0.7990776835610883 0.805519376321797 0.8076882883655184
 16 134217728 2663257.122 2664118.052 2674434.9 1.6059345082581746 1.6121535202900237 1.612674668367976 1.6059345082581746 1.6121535202900237 1.612674668367976
 24 67108864 1331732.988 1343192.101 1343203.068 2.3981671489154164 2.3981867296582617 2.418822317255687 2.3981671489154164 2.3981867296582617 2.418822317255687
 32 67108864 1515502.93 1517638.922 1524303.913 2.817658118811114 2.830032383684477 2.8340211100746604 2.817658118811114 2.830032383684477 2.8340211100746604
 40 33554432 809849.977 835361.958 848605.156 3.1632550674721567 3.2134029258727628 3.3146318901482172 3.1632550674721567 3.2134029258727628 3.3146318901482172
 48 33554432 1119394.064 1128865.957 1140869.856 2.823481973039351 2.8535057258352596 2.8776510217406335 2.823481973039351 2.8535057258352596 2.8776510217406335
 56 33554432 1154804.945 1160836.935 1164355.04 3.227620661134425 3.23740249012666 3.2543126874123316 3.227620661134425 3.23740249012666 3.2543126874123316
 64 33554432 741737.127 746409.893 746905.088 5.750352173260333 5.754167162411927 5.790417035441184 5.750352173260333 5.754167162411927 5.790417035441184
 72 16777216 370606.899 372600.079 373136.997 6.47461689251897 6.483946837810519 6.51881848535151 6.47461689251897 6.483946837810519 6.51881848535151
 80 16777216 377848.864 380786.896 384051.8 6.989563803632739 7.049493005662674 7.1043076101454155 6.989563803632739 7.049493005662674 7.1043076101454155
 88 16777216 399487.972 400001.049 413397.074 7.142745320930838 7.3819556808212266 7.391436596243753 7.142745320930838 7.3819556808212266 7.391436596243753
 96 16777216 455530.167 455862.999 473280.907 6.806159776058745 7.0662139262590165 7.071376838144728 6.806159776058745 7.0662139262590165 7.071376838144728
 104 16777216 506597.996 510174.036 532645.941 6.551558285506583 6.840138230789934 6.888422290561134 6.551558285506583 6.840138230789934 6.888422290561134
 112 16777216 527462.959 538801.908 553220.034 6.793131399865393 6.9749129099223595 7.124853641144495 6.793131399865393 6.9749129099223595 7.124853641144495
 120 16777216 453670.979 463036.776 464983.94 8.659507336963078 8.695922329936055 8.875445039211996 8.659507336963078 8.695922329936055 8.875445039211996
 128 16777216 379697.8 381143.808 382976.055 11.214714966970979 11.26862671215165 11.311541167739188 11.214714966970979 11.26862671215165 11.311541167739188
 136 8388608 188327.074 189138.174 190927.982 11.950586562005354 12.063674549379968 12.115631212960917 11.950586562005354 12.063674549379968 12.115631212960917
 144 8388608 191072.941 194085.836 197746.038 12.21728196647864 12.447683735149019 12.643962516911277 12.21728196647864 12.447683735149019 12.643962516911277
 152 8388608 199662.209 201733.112 207051.992 12.316408102946435 12.641141589091236 12.772255925506665 12.316408102946435 12.641141589091236 12.772255925506665
 160 8388608 211068.153 211907.148 214837.074 12.494838577069803 12.667597980224812 12.717951627690608 12.494838577069803 12.667597980224812 12.717951627690608
 176 8388608 204258.919 204806.805 211789.846 13.942075466639698 14.417440943917855 14.456113008215812 13.942075466639698 14.417440943917855 14.456113008215812
 192 8388608 214405.775 216279.03 217224.121 14.829041347576679 14.893840942415915 15.02396785720907 14.829041347576679 14.893840942415915 15.02396785720907
 208 8388608 232758.999 232867.002 245462.179 14.216694980125636 14.985639433791482 14.992592952335217 14.216694980125636 14.985639433791482 14.992592952335217
 224 8388608 259933.949 260520.935 268619.061 13.990430798207578 14.425314357174404 14.457889777221828 13.990430798207578 14.425314357174404 14.457889777221828
 240 8388608 281831.98 288887.978 289608.002 13.903385998291581 13.938038778477656 14.286994116139693 13.903385998291581 13.938038778477656 14.286994116139693
 264 4194304 120043.993 121784.21 122022.867 18.14899589271247 18.184561955938292 18.448174345550132 18.14899589271247 18.184561955938292 18.448174345550132
 288 4194304 135936.022 136211.157 139760.017 17.286196409091737 17.736572812460583 17.77247169995897 17.286196409091737 17.736572812460583 17.77247169995897
 312 4194304 152043.104 155241.966 155277.967 16.85522902293021 16.8591377926765 17.21384020152601 16.85522902293021 16.8591377926765 17.21384020152601
 336 4194304 171217.918 173006.058 173748.97 16.222094945368596 16.29175487022541 16.461900255088956 16.222094945368596 16.29175487022541 16.461900255088956
 368 4194304 194833.04 197659.016 198064.089 15.58590332849283 15.617844338555242 15.844374978699712 15.58590332849283 15.617844338555242 15.844374978699712
 400 4194304 175518.036 176464.081 178428.173 18.805568333650985 19.014879294330726 19.117369795546253 18.805568333650985 19.014879294330726 19.117369795546253
 440 4194304 207390.07 212276.936 212750.912 17.348868144922452 17.38760502930945 17.79732038279364 17.348868144922452 17.38760502930945 17.79732038279364
 480 4194304 238160.849 240502.834 246474.981 16.33647286902519 16.742138847311878 16.906774799077073 16.33647286902519 16.742138847311878 16.906774799077073
 528 2097152 114895.105 117568.97 118072.033 18.756283395238906 18.836539199076082 19.27490742099065 18.756283395238906 18.836539199076082 19.27490742099065
 576 2097152 133270.025 136873.96 138008.833 17.50553969252098 17.650684644471454 18.128000681323503 17.50553969252098 17.650684644471454 18.128000681323503
 632 2097152 155480.146 158534.05 158629.894 16.71059635203438 16.720698979178295 17.049122966478304 16.71059635203438 16.720698979178295 17.049122966478304
 688 2097152 154523.134 155150.89 158185.959 18.242334340179966 18.599191741665162 18.674751652396594 18.242334340179966 18.599191741665162 18.674751652396594
 752 2097152 178698.063 182404.995 185369.968 17.01525140253571 17.29183243035642 17.650536077718986 17.01525140253571 17.29183243035642 17.650536077718986
 824 2097152 184514.046 186645.985 194983.006 17.725167782057888 18.516907802758254 18.73085854938111 17.725167782057888 18.516907802758254 18.73085854938111
 904 2097152 193104.029 194772.005 204709.053 18.52214526145065 19.46712422044431 19.635275533272274 18.52214526145065 19.46712422044431 19.635275533272274
 992 2097152 229144.096 233069.181 239176.035 17.396180884092338 17.85199377347106 18.157786478600784 17.396180884092338 17.85199377347106 18.157786478600784
 1088 1048576 122021.914 123365.164 125826.12 18.13376567599796 18.495507986355047 18.699111505495644 18.13376567599796 18.495507986355047 18.699111505495644
 1192 1048576 130023.956 131719.112 135101.08 18.503221321398765 18.978302738633708 19.225727788193122 18.503221321398765 18.978302738633708 19.225727788193122
 1304 1048576 141681.91 142362.118 148160.934 18.457538935330952 19.209367255971845 19.301590499450494 18.457538935330952 19.209367255971845 19.301590499450494
 1432 1048576 156144.142 160989.046 162426.949 18.489060359066404 18.654198770766055 19.233008843841226 18.489060359066404 18.654198770766055 19.233008843841226
 1568 1048576 169184.208 176178.932 178255.796 18.447278628740914 18.66474213840733 19.436414159884237 18.447278628740914 18.66474213840733 19.436414159884237
 1720 1048576 189399.958 192223.072 197196.007 18.291959836691824 18.765184649634566 19.04489039010241 18.291959836691824 18.765184649634566 19.04489039010241
 1888 1048576 208510.876 218614.817 222682.953 17.78053920454342 18.11141179877117 18.989047727179468 17.78053920454342 18.11141179877117 18.989047727179468
 2072 524288 111195.087 114678.144 118117.094 18.394030858903452 18.945628139918274 19.539077945053453 18.394030858903452 18.945628139918274 19.539077945053453
 2272 524288 126505.852 130105.019 132849.932 17.932750405924182 18.311089689783607 18.83205112123983 17.932750405924182 18.311089689783607 18.83205112123983
 2496 524288 135927.916 135934.114 143616.915 18.223798331832985 19.253781254645173 19.25465918273918 18.223798331832985 19.253781254645173 19.25465918273918
 2744 524288 149255.991 150855.064 157383.204 18.28208138398301 19.07322477421109 19.2775681882009 18.28208138398301 19.07322477421109 19.2775681882009
 3016 524288 165740.967 168249.13 173846.006 18.191417155709633 18.796562074347726 19.081011009185193 18.191417155709633 18.796562074347726 19.081011009185193
 3312 524288 183223.963 185135.841 191935.778 18.093988250590776 18.758570427214035 18.95430955174788 18.093988250590776 18.758570427214035 18.95430955174788
 3640 524288 197080.135 197789.907 211651.087 18.033531951574624 19.297327643720465 19.366825783836607 18.033531951574624 19.297327643720465 19.366825783836607
 4000 524288 216614.008 224262.953 227859.02 18.407452116664068 18.702616477185153 19.363032145178718 18.407452116664068 18.702616477185153 19.363032145178718
 4400 262144 118320.942 122566.223 124583.006 18.51670845058916 18.82139421070355 19.496694000289484 18.51670845058916 18.82139421070355 19.496694000289484
 4840 262144 131336.927 135417.938 136155.128 18.637226208622863 18.73868379239389 19.320947870205615 18.637226208622863 18.73868379239389 19.320947870205615
 5320 262144 143687.963 150084.972 150196.075 18.570473030004276 18.584220144305984 19.41159232663073 18.570473030004276 18.584220144305984 19.41159232663073
 5848 262144 158174.038 158688.068 164000.988 18.695230201905854 19.32115163189207 19.383941023241753 18.695230201905854 19.32115163189207 19.383941023241753
 6432 262144 172311.068 174093.008 178776.026 18.862822333907346 19.370223162552286 19.570538649322284 18.862822333907346 19.370223162552286 19.570538649322284
 7072 262144 190012.932 192559.004 194829.941 19.030774823259843 19.255213513671894 19.513223110519657 19.030774823259843 19.255213513671894 19.513223110519657
 7776 262144 211207.151 214004.993 215622.902 18.907376953863647 19.050319484835573 19.302677341639818 18.907376953863647 19.050319484835573 19.302677341639818
 8552 131072 116382.122 117271.9 119961.977 18.688050531211235 19.116732038962446 19.2628854799537 18.688050531211235 19.116732038962446 19.2628854799537
 9400 131072 125918.15 128066.063 131112.814 18.794147763467265 19.24126925023064 19.569487004057795 18.794147763467265 19.24126925023064 19.569487004057795
 10336 131072 139221.907 141139.03 147535.801 18.36517215235101 19.19752731756765 19.46188241768589 18.36517215235101 19.19752731756765 19.46188241768589
 11368 131072 152409.077 152908.802 162424.088 18.347358625772305 19.489087305778515 19.552988907609485 18.347358625772305 19.489087305778515 19.552988907609485
 12504 131072 167768.002 171070.099 178070.068 18.407633651265858 19.160850406709592 19.53798422180649 18.407633651265858 19.160850406709592 19.53798422180649
 13752 131072 183100.939 185400.009 198486.09 18.162503417745796 19.444466628909385 19.688617151220615 18.162503417745796 19.444466628909385 19.688617151220615
 15120 131072 202199.221 203534.126 214562.893 18.472985820525825 19.473969097447572 19.602534868321772 18.472985820525825 19.473969097447572 19.602534868321772
 16632 65536 110831.976 110933.065 117095.947 18.617121769381136 19.651395226481842 19.66931911418777 18.617121769381136 19.651395226481842 19.66931911418777
 18288 65536 121978.998 123021.841 126891.851 18.890454486316855 19.484708703066797 19.651290593483967 18.890454486316855 19.484708703066797 19.651290593483967
 20112 65536 134772.062 137730.122 140871.048 18.713001013522664 19.13974972010843 19.559840703483488 18.713001013522664 19.13974972010843 19.559840703483488
 22120 65536 147647.858 147775.173 153899.908 18.838949793264334 19.61975466609672 19.63667254827361 18.838949793264334 19.61975466609672 19.63667254827361
 24328 65536 162324.905 163132.906 168172.121 18.96104774702818 19.546759106957857 19.644056566674106 18.96104774702818 19.546759106957857 19.644056566674106
 26760 65536 177952.051 182940.006 183041.096 19.162290855164024 19.172879659794045 19.71029106037109 19.162290855164024 19.172879659794045 19.71029106037109
 29432 65536 195806.026 196850.061 203013.182 19.002269044775623 19.59720552994901 19.70169755653996 19.002269044775623 19.59720552994901 19.70169755653996
 32368 65536 218423.843 218904.972 225120.068 18.845669929346325 19.380731544096676 19.42342208492321 18.845669929346325 19.380731544096676 19.42342208492321
 35600 32768 118837.118 119864.941 121267.08 19.2391999543487 19.464253521803343 19.63259997604452 19.2391999543487 19.464253521803343 19.63259997604452
 39160 32768 131252.05 133400.917 133540.869 19.21801003107146 19.238171803571635 19.553140389045353 19.21801003107146 19.238171803571635 19.553140389045353
 43072 32768 146085.024 146274.09 146586.895 19.25660948067697 19.297789458133014 19.3227650221011 19.25660948067697 19.297789458133014 19.3227650221011
 47376 32768 158586.979 159987.926 161728.859 19.197770609387653 19.406674076142473 19.578111365624792 19.197770609387653 19.406674076142473 19.578111365624792
 52112 32768 173251.867 176365.852 180294.991 18.942356706959206 19.36436103288294 19.712411133785935 18.942356706959206 19.36436103288294 19.712411133785935
 57320 32768 190819.025 192307.949 198286.057 18.944970598714363 19.53389623015531 19.686315449940068 18.944970598714363 19.53389623015531 19.686315449940068
 63048 32768 210701.227 211608.171 217344.999 19.01085254784261 19.526248483098506 19.61029741891346 19.01085254784261 19.526248483098506 19.61029741891346
 69352 16384 115251.064 115437.984 117588.997 19.32601173560482 19.68612286229808 19.718050811227215 19.32601173560482 19.68612286229808 19.718050811227215
 76280 16384 127753.019 127807.856 129202.127 19.345989869036753 19.557037558004257 19.56543226583162 19.345989869036753 19.557037558004257 19.56543226583162
 83904 16384 140887.976 142734.051 143158.913 19.204995444468064 19.26216101019931 19.514555819866416 19.204995444468064 19.26216101019931 19.514555819866416
 92288 16384 153136.969 154377.937 154718.876 19.545728757750283 19.588894907955662 19.74763640515831 19.545728757750283 19.588894907955662 19.74763640515831
 101512 16384 168910.98 171498.06 171538.115 19.391289311999262 19.395818331705907 19.692889213004385 19.391289311999262 19.395818331705907 19.692889213004385
 111656 16384 185474.157 186589.956 190977.097 19.158024001171196 19.608471358447613 19.72643449189528 19.158024001171196 19.608471358447613 19.72643449189528
 122816 16384 204056.025 204864.979 218462.944 18.421589557998452 19.644327242481012 19.722204664135745 18.421589557998452 19.644327242481012 19.722204664135745
 135096 8192 112028.122 112594.843 115322.828 19.193189261713215 19.658208182767304 19.757653921932206 19.193189261713215 19.658208182767304 19.757653921932206
 148600 8192 123038.054 123960.972 126083.851 19.309867050301314 19.640555900126376 19.787881235507836 19.309867050301314 19.640555900126376 19.787881235507836
 163456 8192 136144.876 136821.985 137768.03 19.438930091400742 19.57333906535562 19.670685983069976 19.438930091400742 19.57333906535562 19.670685983069976
 179800 8192 150049.21 151291.132 164958.954 17.85803758188234 19.47135407777899 19.632513893275416 17.85803758188234 19.47135407777899 19.632513893275416
 197776 8192 164676.905 167025.805 167474.985 19.348334224361928 19.400367410293278 19.677088198858243 19.348334224361928 19.400367410293278 19.677088198858243
 217552 8192 180214.882 184918.88 186565.876 19.105165662771043 19.275327473322356 19.778455188845058 19.105165662771043 19.275327473322356 19.778455188845058
 239304 8192 199225.903 200148.106 201130.867 19.493560558260807 19.589277232530993 19.679954649270684 19.493560558260807 19.589277232530993 19.679954649270684
 263232 4096 109062.91 109406.948 111552.0 19.330864027538727 19.709868371431035 19.77204297959774 19.330864027538727 19.709868371431035 19.77204297959774
 289552 4096 119644.88 119862.08 120170.116 19.73876753185459 19.789494592451593 19.825419892602174 19.73876753185459 19.789494592451593 19.825419892602174
 318504 4096 131970.882 132597.923 133233.07 19.583612146744045 19.677418084444653 19.77091255630162 19.583612146744045 19.677418084444653 19.77091255630162
 350352 4096 145368.099 145678.997 146651.03 19.570838227321012 19.701423287531284 19.74355861941897 19.570838227321012 19.701423287531284 19.74355861941897
 385384 4096 159421.921 160448.074 161509.991 19.547185337902718 19.676557339042912 19.803209672777687 19.547185337902718 19.676557339042912 19.803209672777687
 423920 4096 175980.091 176012.039 180995.941 19.186908948416693 19.730199478002753 19.733781362802002 19.186908948416693 19.730199478002753 19.733781362802002
 466312 4096 193104.029 195038.08 196967.84 19.39417066258126 19.586061880838862 19.782227868482224 19.39417066258126 19.586061880838862 19.782227868482224
 512936 4096 212842.941 214088.202 215415.955 19.506316103651653 19.627292269006023 19.742123897827554 19.506316103651653 19.627292269006023 19.742123897827554
 564224 2048 116707.802 117039.919 117630.959 19.64671140698598 19.74592535389571 19.802116605709017 19.64671140698598 19.74592535389571 19.802116605709017
 620640 2048 128815.174 129044.056 130432.844 19.490040713978452 19.699794928950467 19.73479801378058 19.490040713978452 19.699794928950467 19.73479801378058
 682704 2048 141456.842 141820.192 142586.946 19.61158200274519 19.717612453944497 19.768259664668605 19.61158200274519 19.717612453944497 19.768259664668605
 750968 2048 155294.895 158622.98 162041.903 18.982527797146396 19.391672808063497 19.807250766356486 18.982527797146396 19.391672808063497 19.807250766356486
 826064 2048 170656.919 172420.025 175814.867 19.24500585038693 19.62392792832503 19.826668404812818 19.24500585038693 19.62392792832503 19.826668404812818
 908664 2048 187777.042 189519.167 190132.141 19.575268675904724 19.638582223190124 19.820781626754993 19.575268675904724 19.638582223190124 19.820781626754993
 999528 2048 206532.001 206956.863 208018.064 19.68130367754985 19.782222385154725 19.82291687572426 19.68130367754985 19.782222385154725 19.82291687572426
 1099480 1024 113861.084 115278.959 117950.916 19.090441315436667 19.532923089633382 19.776160219939587 19.090441315436667 19.532923089633382 19.776160219939587
 1209424 1024 125555.992 126557.827 128614.187 19.258375843094196 19.57129330294206 19.727456352700393 19.258375843094196 19.57129330294206 19.727456352700393
 1330360 1024 138224.84 138695.002 138768.196 19.634018157878195 19.644379687164214 19.71119865286153 19.634018157878195 19.644379687164214 19.71119865286153
 1463392 1024 152034.044 153803.11 154603.004 19.385307778366325 19.486126229827214 19.712866520869497 19.385307778366325 19.486126229827214 19.712866520869497
 1609728 1024 167627.811 168228.865 169673.92 19.429756464635222 19.596654498025654 19.66692116500883 19.429756464635222 19.596654498025654 19.66692116500883
 1770696 1024 183655.977 185468.912 187175.035 19.374300680643657 19.552524295823765 19.745534380294085 19.374300680643657 19.552524295823765 19.745534380294085
 1947760 1024 201407.909 203072.071 204360.008 19.519535740084724 19.643333819154286 19.80563970802159 19.519535740084724 19.643333819154286 19.80563970802159
 2142536 512 110830.069 111209.154 111649.036 19.65047744791993 19.728203885086657 19.795682559757317 19.65047744791993 19.728203885086657 19.795682559757317
 2356784 512 122780.8 122839.928 124422.073 19.396452396352533 19.64627344946018 19.655734577393204 19.396452396352533 19.64627344946018 19.655734577393204
 2592456 512 135181.904 135398.149 136188.984 19.49258204319962 19.6064345310954 19.63779814789411 19.49258204319962 19.6064345310954 19.63779814789411
 2851696 512 149024.01 149495.125 151355.982 19.293170084285137 19.53332393949301 19.59507534389928 19.293170084285137 19.53332393949301 19.59507534389928
 3136864 512 165503.025 166188.002 167599.916 19.165574856254704 19.328403358504787 19.408398946182405 19.165574856254704 19.328403358504787 19.408398946182405
 3450544 512 181348.085 182845.116 184832.811 19.116503378829208 19.324317396588267 19.48383990931032 19.116503378829208 19.324317396588267 19.48383990931032
 3795592 512 199349.88 202131.033 202177.048 19.224171321365816 19.22854769163526 19.49680736201095 19.224171321365816 19.22854769163526 19.49680736201095
 4175144 512 220653.057 222388.983 224203.11 19.069081851719186 19.22463693266676 19.375881368369168 19.069081851719186 19.22463693266676 19.375881368369168
 4592656 256 120702.028 122116.089 125902.891 18.676615392413822 19.255774495038075 19.4813617547503 18.676615392413822 19.255774495038075 19.4813617547503
 5051920 256 132263.899 132801.056 132869.959 19.467026703906786 19.47712704935117 19.556228566950075 19.467026703906786 19.47712704935117 19.556228566950075
 5557112 256 146322.012 146353.96 146491.051 19.422629058753902 19.440822400705795 19.44506711676436 19.422629058753902 19.440822400705795 19.44506711676436
 6112816 256 160876.989 161195.993 162576.914 19.250960760640346 19.4158783587133 19.454378226832677 19.250960760640346 19.4158783587133 19.454378226832677
 6724096 256 176971.912 178907.871 179721.832 19.15592064518906 19.24307260914194 19.453579458417106 19.15592064518906 19.24307260914194 19.453579458417106
 7396504 256 196394.92 198008.06 198280.811 19.099226137419826 19.12553482923877 19.28262731031943 19.099226137419826 19.12553482923877 19.28262731031943
 8136152 256 215350.866 217363.834 219674.826 18.963073283599645 19.164686909230724 19.343826664713763 18.963073283599645 19.164686909230724 19.343826664713763
 8949760 128 118612.051 121760.13 121800.9 18.81052241814305 18.816820908453362 19.31623760557011 18.81052241814305 18.816820908453362 19.31623760557011
 9844736 128 131217.003 131268.024 134263.992 18.770873548881223 19.199286613775794 19.20675185669345 18.770873548881223 19.199286613775794 19.20675185669345
 10829208 128 144427.061 145334.005 145853.996 19.007208057570118 19.075214007898563 19.194998699031895 19.007208057570118 19.075214007898563 19.194998699031895
 11912128 128 160066.843 161362.886 162051.916 18.818072894614833 18.89842728767258 19.051445701343656 18.818072894614833 18.89842728767258 19.051445701343656
 13103336 128 176399.946 176710.129 179739.952 18.662818025009823 18.98280554138467 19.01618505030608 18.662818025009823 18.98280554138467 19.01618505030608
 14413664 128 193119.049 193624.02 194551.945 18.96613258736632 19.057026003282033 19.106856641573458 18.96613258736632 19.057026003282033 19.106856641573458
 15855024 128 209758.997 210969.925 212476.015 19.102796821561245 19.239169488257627 19.35023623325201 19.102796821561245 19.239169488257627 19.35023623325201
 17440520 64 114613.056 115050.077 115303.993 19.360878161435398 19.403607700323402 19.47759389645801 19.360878161435398 19.403607700323402 19.47759389645801
 19184568 64 126071.93 126565.933 126671.076 19.38583598989875 19.401940520598068 19.47796550746863 19.38583598989875 19.401940520598068 19.47796550746863
 21103024 64 138641.119 139466.047 139472.008 19.367234405917493 19.368062192226617 19.48330402613095 19.367234405917493 19.368062192226617 19.48330402613095
 23213320 64 151831.15 152434.111 152644.157 19.46556631054014 19.49238881315744 19.56979816065412 19.46556631054014 19.49238881315744 19.56979816065412
 25534648 64 167716.026 168760.061 169807.196 19.247917761977533 19.367348676177595 19.487910737880227 19.247917761977533 19.367348676177595 19.487910737880227
 28088112 64 184796.81 184960.842 193125.01 18.61632698944585 19.438051303853815 19.45530518627459 18.61632698944585 19.438051303853815 19.45530518627459
 30896920 64 203847.17 203990.936 207288.027 19.078794936863382 19.387164143410768 19.400837205637927 19.078794936863382 19.387164143410768 19.400837205637927
 33986608 32 111460.924 111724.138 112504.005 19.333915374834877 19.468871731192056 19.514847302001552 19.333915374834877 19.468871731192056 19.514847302001552
 37385264 32 122757.912 123290.062 124454.975 19.225080363400497 19.406729603234364 19.490856898901963 19.225080363400497 19.406729603234364 19.490856898901963
 41123784 32 135273.933 135678.053 135752.201 19.387694318120115 19.398289685067926 19.456240516049757 19.387694318120115 19.398289685067926 19.456240516049757
 45236160 32 147912.979 148424.864 149538.994 19.360262915771653 19.505587958632052 19.573091283625622 19.360262915771653 19.505587958632052 19.573091283625622
 49759776 32 162842.035 163160.801 168248.177 18.928143655309857 19.5183257527646 19.556533201025154 18.928143655309857 19.5183257527646 19.556533201025154
 54735752 32 179461.956 179753.065 181218.863 19.330703603410203 19.488336001391687 19.519948439657036 19.330703603410203 19.488336001391687 19.519948439657036
 60209320 32 197365.046 197994.947 200604.916 19.20888359485667 19.462095060436063 19.524209367853313 19.20888359485667 19.462095060436063 19.524209367853313
 66230248 32 216720.819 218317.032 218681.812 19.383120311807186 19.415507041154722 19.55850799917843 19.383120311807186 19.415507041154722 19.55850799917843
 72853272 16 119953.871 121353.149 122925.043 18.965254329827648 19.210912310153564 19.435010179871558 18.965254329827648 19.210912310153564 19.435010179871558
 80138592 16 131651.163 135710.001 139323.95 18.406275044599294 18.896433019700588 19.479014735327482 18.406275044599294 18.896433019700588 19.479014735327482
 88152448 16 144279.957 144603.968 146646.023 19.235968888157302 19.50761362233158 19.55142207312967 19.235968888157302 19.50761362233158 19.55142207312967
 96967688 16 159207.106 160941.839 161864.996 19.170086755508272 19.28004573130297 19.49012260796952 19.170086755508272 19.28004573130297 19.49012260796952
 106664456 16 174630.88 176434.04 177228.928 19.259060191347544 19.34582800461861 19.54558433193488 19.259060191347544 19.34582800461861 19.54558433193488
 117330896 16 193246.841 193433.046 196554.899 19.10198469283638 19.410275284606747 19.428978256881315 19.10198469283638 19.410275284606747 19.428978256881315
 129063984 16 211448.908 211771.011 213399.887 19.353559863881276 19.50242135832274 19.532129662263376 19.353559863881276 19.50242135832274 19.532129662263376
 141970376 8 116695.881 117106.915 117491.007 19.333616027310075 19.397027203730882 19.46534870412436 19.333616027310075 19.397027203730882 19.46534870412436
 156167408 8 127880.096 128183.842 129088.879 19.356264825880164 19.49292897618095 19.539229373115266 19.356264825880164 19.49292897618095 19.539229373115266
 171784144 8 140563.965 141288.042 143954.992 19.093094763952333 19.453495604390927 19.553704991176083 19.093094763952333 19.453495604390927 19.553704991176083
 188962552 8 154752.97 156132.936 156173.944 19.35918857245483 19.36427322419659 19.536948673747588 19.35918857245483 19.36427322419659 19.536948673747588
 207858800 8 170254.946 170541.048 171390.057 19.404514230367518 19.501116235664274 19.533886551524912 19.404514230367518 19.501116235664274 19.533886551524912
 228644680 8 187781.096 188109.875 188213.11 19.437088521623174 19.44775562686435 19.481805985411867 19.437088521623174 19.44775562686435 19.481805985411867
 251509144 8 206055.88 206616.879 210139.99 19.14983580231445 19.476367678557377 19.52939321120077 19.14983580231445 19.476367678557377 19.52939321120077
 276660056 4 113786.936 114037.037 117208.958 18.88320215251807 19.40843524371823 19.451094526352303 18.88320215251807 19.40843524371823 19.451094526352303
 304326056 4 124994.04 125475.883 126641.035 19.22448318588047 19.402999124540926 19.47779628532689 19.22448318588047 19.402999124540926 19.47779628532689
 334758656 4 137732.983 138343.096 141728.163 18.895815703192316 19.358170558796804 19.443921054116718 18.895815703192316 19.358170558796804 19.443921054116718
 368234520 4 151046.038 158802.986 177774.906 16.570821080901037 18.55050861575109 19.50316737205646 16.570821080901037 18.55050861575109 19.50316737205646
 405057968 4 166305.78 166393.995 166843.176 19.422213252521637 19.47464356511183 19.48497366718102 19.422213252521637 19.47464356511183 19.48497366718102
 445563760 4 182878.017 183156.967 188386.917 18.92121882327954 19.461504186188012 19.491189474129083 18.92121882327954 19.461504186188012 19.491189474129083
 490120136 4 202968.836 203664.064 203690.052 19.249644494174905 19.252100792803585 19.318044904194057 19.249644494174905 19.252100792803585 19.318044904194057
 539132144 2 111664.057 112295.151 352753.162 6.113420964884221 19.20411127992517 19.312647542440626 6.113420964884221 19.20411127992517 19.312647542440626
 593045352 2 121634.007 153034.925 159868.002 14.838375274121457 15.500915284533907 19.50261663253435 14.838375274121457 15.500915284533907 19.50261663253435
 652349880 2 134171.009 145500.898 289015.055 9.028593752668005 17.933906634720568 19.448311072923367 9.028593752668005 17.933906634720568 19.448311072923367
 717584864 2 147773.981 151402.95 163793.802 17.524102993836117 18.95827958438062 19.423848749124517 17.524102993836117 18.95827958438062 19.423848749124517
 789343344 2 161581.039 164332.151 209438.086 15.07544991601957 19.213363646654877 19.540494327431574 15.07544991601957 19.213363646654877 19.540494327431574
 868277672 2 178420.067 178617.001 183593.035 18.917442527163406 19.444457518352355 19.46591964904934 18.917442527163406 19.444457518352355 19.46591964904934
 955105432 2 195405.96 196254.969 293240.786 13.028275432326796 19.46662419538534 19.55120369921163 13.028275432326796 19.46662419538534 19.55120369921163
 1050615968 2 217118.025 217871.189 227648.02 18.46035766970431 19.28875447593027 19.355665528000266 18.46035766970431 19.28875447593027 19.355665528000266
 1155677560 1 118934.87 129225.016 132091.045 17.498196944387864 17.88628232787373 19.43378859370679 17.498196944387864 17.88628232787373 19.43378859370679
 1271245312 1 131458.044 136489.868 137928.009 18.43346135736651 18.627687617076457 19.340700246536453 18.43346135736651 18.627687617076457 19.340700246536453
 1398369840 1 147537.947 155484.2 157589.197 17.74702665690974 17.987291827722686 18.956070196638972 17.74702665690974 17.987291827722686 18.956070196638972
 1538206824 1 161160.946 161974.907 166748.047 18.449473342257498 18.99314964879097 19.089076630265 18.449473342257498 18.99314964879097 19.089076630265
 1692027504 1 173125.982 193279.028 197562.933 17.128997614142527 17.508650798885434 19.546777259579674 17.128997614142527 17.508650798885434 19.546777259579674
 1861230248 1 190407.991 191562.891 205127.001 18.147101443753865 19.432054280283335 19.54991739816214 18.147101443753865 19.432054280283335 19.54991739816214
 2047353272 1 210223.913 218347.788 227703.094 17.98265659051607 18.753139573825223 19.477834303274527 17.98265659051607 18.753139573825223 19.477834303274527
 
META_DATA
 FLOPS          16
 OPENMP_THREADS 1
 ERT_VERSION  1.1.0
 HOSTNAME  Rezas-MacBook-Pro.local
 UNAME  uname_result(system='Darwin', node='Rezas-MacBook-Pro.local', release='21.6.0', version='Darwin Kernel Version 21.6.0: Wed Aug 10 14:28:23 PDT 2022; root:xnu-8020.141.5~2/RELEASE_ARM64_T6000', machine='arm64')
 TIMESTAMP_DATA  1705698662.614205
 CONFIG  {'ERT_RESULTS': ['Results.MyMacBookPro'], 'ERT_DRIVER': ['driver1'], 'ERT_KERNEL': ['kernel1'], 'ERT_MPI': ['False'], 'ERT_OPENMP': ['True'], 'ERT_OPENMP_CFLAGS': ['-Xpreprocessor', '-fopenmp', '-I/opt/homebrew/opt/libomp/include'], 'ERT_OPENMP_LDFLAGS': ['-L/opt/homebrew/opt/libomp/lib', '-lomp'], 'ERT_FLOPS': ['1,2,4,8,16'], 'ERT_ALIGN': ['32'], 'ERT_CC': ['clang'], 'ERT_CFLAGS': ['-O3', '-std=c++11', '-Xpreprocessor', '-fopenmp', '-I/opt/homebrew/opt/libomp/include'], 'ERT_LD': ['clang'], 'ERT_LDFLAGS': ['-L/opt/homebrew/opt/libomp/lib', '-lomp', '-lc++'], 'ERT_LDLIBS': [], 'ERT_PRECISION': ['FP64'], 'ERT_RUN': ['export', 'OMP_NUM_THREADS=ERT_OPENMP_THREADS;', './ERT_CODE'], 'ERT_PROCS_THREADS': ['1-10'], 'ERT_OPENMP_THREADS': ['1,2,4,8,10'], 'ERT_NUM_EXPERIMENTS': ['3'], 'ERT_MEMORY_MAX': ['2147483648', '#', 'Adjusted', 'to', '2GB,', 'consider', 'your', "system's", 'RAM'], 'ERT_WORKING_SET_MIN': ['1'], 'ERT_TRIALS_MIN': ['1'], 'ERT_GNUPLOT': ['gnuplot'], 'ERT_GPU': [False], 'ERT_HIP': [False], 'ERT_OCL': [False], 'ERT_SYCL': [False], 'ERT_WSS_MULT': [1.1]}
 TIMESTAMP_DATA  1705698807.437004
 TIMESTAMP_DATA  1705698928.598099
 