fp64
 80 16777216 418671.131 423588.991 457266.092 5.870443067971897 6.337167908124412 6.411606536109604 5.870443067971897 6.337167908124412 6.411606536109604
 160 8388608 227875.948 233284.95 240898.132 11.143110731966987 11.506762695150286 11.779894208053937 11.143110731966987 11.506762695150286 11.779894208053937
 240 8388608 214283.943 227398.157 239357.948 16.82221908085542 17.70696778338445 18.790637243407453 16.82221908085542 17.70696778338445 18.790637243407453
 320 4194304 133460.999 140882.969 182919.025 14.675097683250828 19.05379038398885 20.113400769613598 14.675097683250828 19.05379038398885 20.113400769613598
 400 4194304 125144.958 145928.86 152174.95 22.049905059932662 22.99369158369359 26.812452164473136 22.049905059932662 22.99369158369359 26.812452164473136
 480 4194304 165930.986 170657.158 192794.8 20.885064534935587 23.59427455132002 24.26630454663844 20.885064534935587 23.59427455132002 24.26630454663844
 560 2097152 92031.002 97778.082 112325.907 20.910672370533362 24.021848168386043 25.52194574606501 20.910672370533362 24.021848168386043 25.52194574606501
 640 2097152 65067.053 65499.067 67903.996 39.53161401576426 40.98309614089617 41.25520422755277 39.53161401576426 40.98309614089617 41.25520422755277
 720 2097152 63318.014 65591.097 74001.074 40.80885204449871 46.041292463823254 47.694150356642574 40.80885204449871 46.041292463823254 47.694150356642574
 800 2097152 71641.207 72169.065 72176.218 46.48959578347538 46.494203576005866 46.83677649372937 46.48959578347538 46.494203576005866 46.83677649372937
 880 2097152 70945.978 77104.807 82576.99 44.697530389518924 47.86974591610093 52.02532439541534 44.697530389518924 47.86974591610093 52.02532439541534
 960 2097152 77826.977 81316.948 93476.057 43.075542221469604 49.51651456471288 51.73696827515219 43.075542221469604 49.51651456471288 51.73696827515219
 1040 1048576 47905.922 49277.067 62241.077 35.041779241705605 44.26071218889712 45.527525386109886 35.041779241705605 44.26071218889712 45.527525386109886
 1120 1048576 51911.831 56394.1 61479.092 38.20502488878658 41.64992862728548 45.24614514175006 38.20502488878658 41.64992862728548 45.24614514175006
 1200 1048576 50910.95 52506.924 55124.998 45.65229009169306 47.928581761902485 49.431063454914906 45.65229009169306 47.928581761902485 49.431063454914906
 1280 1048576 39888.859 42266.13 46921.968 57.2089082026568 63.510772337093556 67.29584719382423 57.2089082026568 63.510772337093556 67.29584719382423
 1360 1048576 37041.903 41127.92 45846.939 62.20975232392287 69.34770151274365 76.99730545701175 62.20975232392287 69.34770151274365 76.99730545701175
 1440 1048576 37459.135 40400.028 45599.937 66.22594412794912 74.74992047035215 80.61848945524235 66.22594412794912 74.74992047035215 80.61848945524235
 1520 1048576 37378.788 40741.205 42073.965 75.76350458056426 78.24194301567664 85.28021400800903 75.76350458056426 78.24194301567664 85.28021400800903
 1600 1048576 40336.132 43963.194 45823.812 73.22488142191226 76.32391768441573 83.18703439387792 73.22488142191226 76.32391768441573 83.18703439387792
 1760 1048576 39968.967 41352.987 43849.945 84.17313909971837 89.25564482198106 92.34633259348436 84.17313909971837 89.25564482198106 92.34633259348436
 1920 1048576 45277.119 45568.943 51076.889 78.83275428149118 88.3613174876582 88.93083148687089 78.83275428149118 88.3613174876582 88.93083148687089
 2080 524288 24753.809 27544.022 39759.159 54.856242809361234 79.18371834004489 88.10919079160705 54.856242809361234 79.18371834004489 88.10919079160705
 2240 524288 24224.997 27301.073 35254.002 66.62535050630565 86.03362366013967 96.95812304950958 66.62535050630565 86.03362366013967 96.95812304950958
 2400 524288 30035.019 30665.874 34229.994 73.51980254510123 82.06459075648716 83.78827394782071 73.51980254510123 82.06459075648716 83.78827394782071
 2640 524288 25187.016 30189.037 30735.97 90.06517900687696 91.6968845346077 109.90744755154799 90.06517900687696 91.6968845346077 109.90744755154799
 2880 524288 28881.073 33002.138 35432.1 85.2305925982372 91.50615878280371 104.5632508182781 85.2305925982372 91.50615878280371 104.5632508182781
 3120 524288 30591.011 33741.951 37461.996 87.33002694250462 96.95814921905377 106.9450473539433 87.33002694250462 96.95814921905377 106.9450473539433
 3360 524288 31517.982 36110.878 40575.027 86.83211375312209 97.5665936452722 111.78429380408936 86.83211375312209 97.5665936452722 111.78429380408936
 3680 524288 41468.859 41555.882 46027.899 83.83523393062109 92.8571238122199 93.05198582869136 83.83523393062109 92.8571238122199 93.05198582869136
 4000 524288 36630.154 38383.961 43914.08 95.51159901334606 109.27230777459366 114.50413230585924 95.51159901334606 109.27230777459366 114.50413230585924
 4400 262144 22479.057 25928.974 29439.926 78.35845783036277 88.96870350519849 102.62295255534964 78.35845783036277 88.96870350519849 102.62295255534964
 4800 262144 26086.092 26937.962 30027.151 83.81022894912674 93.42141027595183 96.47218908834638 83.81022894912674 93.42141027595183 96.47218908834638
 5280 262144 23189.068 24065.971 27721.882 99.8576012984977 115.02717426194853 119.37696849222229 99.8576012984977 115.02717426194853 119.37696849222229
 5760 262144 27234.077 27790.07 32564.878 92.73484396287313 108.66827179636466 110.88677174555978 92.73484396287313 108.66827179636466 110.88677174555978
 6320 262144 31835.079 33474.922 40609.121 81.59497370061273 98.9845520775224 104.08330257324003 81.59497370061273 98.9845520775224 104.08330257324003
 6880 262144 31885.147 31991.005 34126.043 105.69937569380666 112.75361433627984 113.12795390279994 105.69937569380666 112.75361433627984 113.12795390279994
 7520 262144 36121.13 37989.855 38292.885 102.96026951220834 103.78154273028943 109.15067607242632 102.96026951220834 103.78154273028943 109.15067607242632
 8240 131072 19877.911 22773.981 24013.996 89.95031730662403 94.84800044401548 108.66667830437514 89.95031730662403 94.84800044401548 108.66667830437514
 9040 131072 21218.061 23004.055 32847.881 72.14412887090037 103.01582742694713 111.68700853485151 72.14412887090037 103.01582742694713 111.68700853485151
 9920 131072 26124.001 27493.0 28723.001 90.53609962273788 94.58656676244863 99.54326980771437 90.53609962273788 94.58656676244863 99.54326980771437
 10880 131072 24341.106 25640.965 27896.881 102.23819358156919 111.23320514653015 117.17325909512903 102.23819358156919 111.23320514653015 117.17325909512903
 11920 131072 25887.012 28858.9 31762.838 98.37774823521751 108.2770472887047 120.70749918916869 98.37774823521751 108.2770472887047 120.70749918916869
 13040 131072 27466.059 28013.945 30225.992 113.09331915392555 122.02343368633016 124.4575262872624 113.09331915392555 122.02343368633016 124.4575262872624
 14320 131072 30244.827 30423.88 33896.923 110.74462658454279 123.38669755468402 124.11716158931905 110.74462658454279 123.38669755468402 124.11716158931905
 15680 131072 34061.909 34218.788 34940.004 117.64217084806285 120.121668832923 120.67491343482831 117.64217084806285 120.121668832923 120.67491343482831
 17200 65536 20920.038 21497.011 22272.825 101.21923914007317 104.8721796718623 107.76454612558543 101.21923914007317 104.8721796718623 107.76454612558543
 18880 65536 23275.137 23346.901 23577.929 104.95575586812564 105.99433989119153 106.32115119236462 104.95575586812564 105.99433989119153 106.32115119236462
 20720 65536 23984.194 24115.086 26699.066 101.71935752359278 112.61879140717143 113.23340029687886 101.71935752359278 112.61879140717143 113.23340029687886
 22720 65536 25558.949 26022.911 26149.988 113.87981669437093 114.43592302183256 116.51323534469276 113.87981669437093 114.43592302183256 116.51323534469276
 24960 65536 27302.027 27870.893 28706.074 113.96741748802013 117.38257256414425 119.82835999686031 113.96741748802013 117.38257256414425 119.82835999686031
 27440 65536 33663.034 34087.896 37389.994 96.19192985160684 105.51005201377053 106.84169703776553 96.19192985160684 105.51005201377053 106.84169703776553
 30160 65536 33645.868 39062.023 39398.909 100.33606565095495 101.20140270256867 117.49233278808559 100.33606565095495 101.20140270256867 117.49233278808559
 33120 32768 21291.018 23047.924 24335.146 89.19413592176517 94.17561078386063 101.94685477228005 89.19413592176517 94.17561078386063 101.94685477228005
 36400 32768 21319.151 22424.936 25254.011 94.46065419073429 106.37757895942265 111.89518757102474 94.46065419073429 106.37757895942265 111.89518757102474
 40000 32768 23432.97 25625.944 28255.939 92.77483222199767 102.29632906401419 111.86972884785838 92.77483222199767 102.29632906401419 111.86972884785838
 44000 32768 23362.875 24762.869 28466.94 101.29588919638007 116.4478962433634 123.42590541617844 101.29588919638007 116.4478962433634 123.42590541617844
 48400 32768 26660.919 26854.992 34848.928 91.01979837084228 118.11369744589759 118.97348324714537 91.01979837084228 118.11369744589759 118.97348324714537
 53200 32768 28815.031 31421.9 37717.104 92.43857110556526 110.95812792988329 120.99640635472508 92.43857110556526 110.95812792988329 120.99640635472508
 58480 32768 37024.021 38633.108 47865.868 80.06843791070497 99.20364884958259 103.5151011825539 80.06843791070497 99.20364884958259 103.5151011825539
 64320 32768 39558.887 41838.884 42237.043 99.80044104886794 100.75019018193697 106.55697972493512 99.80044104886794 100.75019018193697 106.55697972493512
 70720 16384 21178.961 22477.15 22694.111 102.11252425794515 103.09816680495526 109.41768862032467 102.11252425794515 103.09816680495526 109.41768862032467
 77760 16384 22804.022 23496.151 23650.169 107.73875146515866 108.4449823292334 111.7364156200165 107.73875146515866 108.4449823292334 111.7364156200165
 85520 16384 25019.884 28134.823 36970.139 75.79953540342382 99.60323404202684 112.00369114421153 75.79953540342382 99.60323404202684 112.00369114421153
 94000 16384 24646.997 30395.031 33134.222 92.96104794613856 101.33866946870361 124.97230392814183 92.96104794613856 101.33866946870361 124.97230392814183
 103360 16384 30157.804 33730.984 36342.859 93.19301158997976 100.40918106628612 112.3059384562616 93.19301158997976 100.40918106628612 112.3059384562616
 113680 16384 37302.971 37395.0 38213.968 97.47917934091534 99.61401898649552 99.85977363572462 97.47917934091534 99.61401898649552 99.85977363572462
 125040 16384 37385.941 39495.945 40691.853 100.69118061544162 103.74003508461439 109.59496030874281 100.69118061544162 103.74003508461439 109.59496030874281
 137520 8192 20720.005 21887.064 23447.037 96.09434573758722 102.94334955113213 108.74165715693601 96.09434573758722 102.94334955113213 108.74165715693601
 151200 8192 23037.91 26274.92 43489.933 56.96170651723009 94.28233463698463 107.52975421815607 56.96170651723009 94.28233463698463 107.52975421815607
 166320 8192 26252.985 27208.09 30416.965 89.58773105732277 100.15355285872694 103.79722077318064 89.58773105732277 100.15355285872694 103.79722077318064
 182880 8192 25143.862 28393.984 32757.998 91.4679193765138 105.52608327172405 119.16649558448898 91.4679193765138 105.52608327172405 119.16649558448898
 201120 8192 26911.974 28181.076 36337.137 90.68271063843031 116.92775960719172 122.44178297734682 90.68271063843031 116.92775960719172 122.44178297734682
 221200 8192 30923.843 32562.971 36122.799 100.32834941721987 111.29638017366412 117.19567972195436 100.32834941721987 111.29638017366412 117.19567972195436
 243280 8192 32968.998 35309.076 41978.836 94.95021538948815 112.88597639881597 120.8984125025577 94.95021538948815 112.88597639881597 120.8984125025577
 267600 4096 21025.181 21427.87 21598.101 101.49870120525875 102.30504478513264 104.2644626935673 101.49870120525875 102.30504478513264 104.2644626935673
 294320 4096 20900.011 22032.976 25017.023 96.37715246934057 109.43003977311099 115.36211344577761 96.37715246934057 109.43003977311099 115.36211344577761
 323680 4096 23094.893 26026.964 26485.205 100.11576500918154 101.87844267967637 114.81268001544757 100.11576500918154 101.87844267967637 114.81268001544757
 356000 4096 25253.057 25788.069 27321.1 106.74357913846808 113.08919640318939 115.48510740699629 106.74357913846808 113.08919640318939 115.48510740699629
 391600 4096 26947.021 28737.068 31764.984 100.9913053946446 111.63237669201325 119.04793483480046 100.9913053946446 111.63237669201325 119.04793483480046
 430720 4096 28700.829 30671.12 35050.154 100.66883700425396 115.04171481184906 122.93924471658988 100.66883700425396 115.04171481184906 122.93924471658988
 473760 4096 37333.965 38721.085 42598.009 91.10852856996203 100.23071202679367 103.95472112324529 91.10852856996203 100.23071202679367 103.95472112324529
 521120 4096 40093.184 41025.162 42165.041 101.24536674825005 104.05845661255404 106.4773264203711 101.24536674825005 104.05845661255404 106.4773264203711
 573200 2048 18691.063 22336.96 22624.016 103.77588134661856 105.10952251335901 125.61228861087248 103.77588134661856 105.10952251335901 125.61228861087248
 630480 2048 21226.883 23274.899 25840.998 99.936004019659 110.95412615968816 121.65922241150525 99.936004019659 110.95412615968816 121.65922241150525
 693520 2048 25012.016 27300.835 27366.877 103.79912622108836 104.05022117455383 113.57172968384477 103.79912622108836 104.05022117455383 113.57172968384477
 762800 2048 29569.864 34430.027 35526.037 87.94757490119149 90.74720737221611 105.6626029798446 87.94757490119149 90.74720737221611 105.6626029798446
 839040 2048 28485.06 30474.901 34023.046 101.01117460206237 112.77174747835932 120.64948573041445 101.01117460206237 112.77174747835932 120.64948573041445
 922880 2048 29993.057 30452.013 36392.927 103.8695370669141 124.13355005463842 126.03305091575027 103.8695370669141 124.13355005463842 126.03305091575027
 1015120 2048 37827.969 40257.931 41589.022 99.97666018691183 103.28229535690744 109.91685860797867 99.97666018691183 103.28229535690744 109.91685860797867
 1116560 1024 20756.96 22121.906 22135.019 103.30756345860829 103.36880013864989 110.16617462287348 103.30756345860829 103.36880013864989 110.16617462287348
 1228160 1024 22284.985 23411.989 26594.162 94.57984350099093 107.43519826529904 112.86844841941783 94.57984350099093 107.43519826529904 112.86844841941783
 1350960 1024 24551.868 25521.04 30802.011 89.8242027119593 108.4111807355813 112.6906547395905 89.8242027119593 108.4111807355813 112.6906547395905
 1486000 1024 26304.007 26974.201 30408.144 100.08266206579394 112.82365694539014 115.69826604745047 100.08266206579394 112.82365694539014 115.69826604745047
 1634560 1024 27718.067 30045.986 34772.158 96.27181838987386 111.41517805406686 120.7724506907354 96.27181838987386 111.41517805406686 120.7724506907354
 1798000 1024 28100.967 32318.83 40052.891 91.93603527895152 113.93679783581274 131.0383375774933 91.93603527895152 113.93679783581274 131.0383375774933
 1977760 1024 34509.897 36512.852 38979.053 103.91356814132965 110.93224051629821 117.37074961423386 103.91356814132965 110.93224051629821 117.37074961423386
 2175520 512 20521.879 21770.954 22624.969 98.46344894439412 102.3259008309879 108.55402080871833 98.46344894439412 102.3259008309879 108.55402080871833
 2393040 512 19184.113 21498.919 21924.973 111.76629316715692 113.98121738120878 127.7344936406494 111.76629316715692 113.98121738120878 127.7344936406494
 2632320 512 26331.186 26438.951 26658.058 101.11373003990012 101.95168787142877 102.36894304722924 101.11373003990012 101.95168787142877 102.36894304722924
 2895520 512 26629.925 29149.771 30615.091 96.84807012332578 101.71649307296444 111.3413755389848 96.84807012332578 101.71649307296444 111.3413755389848
 3185040 512 27701.139 32377.005 34451.008 94.6701170543399 100.73448609591901 117.73815365498149 94.6701170543399 100.73448609591901 117.73815365498149
 3503520 512 27348.042 28000.832 29985.905 119.6430282827882 128.124924287964 131.183229863403 119.6430282827882 128.124924287964 131.183229863403
 3853840 512 32052.04 32577.991 38471.937 102.57690326327993 121.13491467291522 123.12265178753051 102.57690326327993 121.13491467291522 123.12265178753051
 4239200 256 20660.162 21118.879 21290.064 101.94757516933723 102.77393984784894 105.05582676457233 101.94757516933723 102.77393984784894 105.05582676457233
 4663120 256 21325.111 21796.942 23633.957 101.02063907453163 109.53451360287144 111.95803107425795 101.02063907453163 109.53451360287144 111.95803107425795
 5129360 256 23576.975 23898.125 28595.924 91.83939361427875 109.89281878808485 111.38970627063057 91.83939361427875 109.89281878808485 111.38970627063057
 5642240 256 24892.092 25166.988 28405.905 101.69811100896099 114.78635742982036 116.05400140735458 101.69811100896099 114.78635742982036 116.05400140735458
 6206400 256 25041.103 25758.028 29561.043 107.49542226909922 123.36646268107171 126.89843574382486 107.49542226909922 123.36646268107171 126.89843574382486
 6827040 256 27361.87 28517.008 29489.994 118.52984710678477 122.57402599880044 127.74874231914706 118.52984710678477 122.57402599880044 127.74874231914706
 7509680 256 30400.038 31959.057 38549.9 99.73971813156456 120.30881136449052 126.47866295430289 99.73971813156456 120.30881136449052 126.47866295430289
 8260640 256 36222.935 40175.915 40509.939 104.40518510778304 105.27321356588891 116.76159538148966 104.40518510778304 105.27321356588891 116.76159538148966
 9086640 128 21605.968 22536.039 27511.12 84.55416718766811 103.22043904876097 107.66376401186932 84.55416718766811 103.22043904876097 107.66376401186932
 9995280 128 23072.004 23260.117 25105.953 101.91971919966552 110.0076874075913 110.90461322735555 101.91971919966552 110.0076874075913 110.90461322735555
 10994800 128 25693.893 28006.077 30464.888 92.39058420303401 100.50207317504697 109.5462178502884 92.39058420303401 100.50207317504697 109.5462178502884
 12094240 128 26458.979 26560.068 30591.011 101.21030128752528 116.57068950275277 117.01605870732955 101.21030128752528 116.57068950275277 117.01605870732955
 13303600 128 29808.044 31193.018 33857.107 100.59103986645994 109.18217660118685 114.25511851767261 100.59103986645994 109.18217660118685 114.25511851767261
 14633920 128 33468.008 34266.949 42700.052 87.73487020577866 109.3264393045322 111.93625626000807 87.73487020577866 109.3264393045322 111.93625626000807
 16097280 128 32577.991 34090.996 35744.905 115.28646334351706 120.8795331177769 126.49348696793487 115.28646334351706 120.8795331177769 126.49348696793487
 17706960 64 18643.856 21648.884 21690.845 104.49066783705291 104.6931971181517 121.56771002736774 104.49066783705291 104.6931971181517 121.56771002736774
 19477600 64 21661.997 22401.094 22539.139 110.61348882936478 111.29513585363287 115.0924727761711 110.61348882936478 111.29513585363287 115.0924727761711
 21425360 64 23876.905 26839.972 26899.099 101.95308326126464 102.1776803641971 114.85768695733388 101.95308326126464 102.1776803641971 114.85768695733388
 23567840 64 25584.936 28019.905 30150.89 100.05288467438275 107.66216088170178 117.90858183112124 100.05288467438275 107.66216088170178 117.90858183112124
 25924560 64 27285.814 29229.164 29265.881 113.38608531894187 113.52851829768377 121.61424540972097 113.38608531894187 113.52851829768377 121.61424540972097
 28516960 64 29375.076 29504.061 32529.116 112.21242163482093 123.71757501450394 124.2608148486152 112.21242163482093 123.71757501450394 124.2608148486152
 31368640 64 31382.084 34254.074 36342.144 110.48291262067534 117.21776276888991 127.94516514582017 110.48291262067534 117.21776276888991 127.94516514582017
 34505440 32 20577.908 21658.897 37226.915 59.32127762937111 101.96032420302843 107.31645607512678 59.32127762937111 101.96032420302843 107.31645607512678
 37955920 32 23724.079 23854.971 25172.949 96.49957500013208 101.83113951385644 102.39296876392966 96.49957500013208 101.83113951385644 102.39296876392966
 41751440 32 24404.049 26371.002 26420.832 101.135806775502 101.32691052088198 109.49380408144566 101.135806775502 101.32691052088198 109.49380408144566
 45926560 32 25317.907 25483.847 27033.091 108.72969872368647 115.3397224524225 116.0956883205235 108.72969872368647 115.3397224524225 116.0956883205235
 50519200 32 29266.119 32255.888 33523.083 96.4478356599839 100.23685598114677 110.476855506533 96.4478356599839 100.23685598114677 110.476855506533
 55571120 32 28266.907 29885.054 31317.949 113.56272660128543 119.00770465397184 125.8203340039998 113.56272660128543 119.00770465397184 125.8203340039998
 61128160 32 30735.97 31494.856 32397.032 120.75804474928445 124.21718137082449 127.28416379896258 120.75804474928445 124.21718137082449 127.28416379896258
 67240960 16 20888.09 21279.097 21397.114 100.5607915160895 101.11851644832485 103.01136772198893 100.5607915160895 101.11851644832485 103.01136772198893
 73965040 16 20712.137 23207.188 23267.984 101.72266235012022 101.98914577673091 114.2750880799987 101.72266235012022 101.98914577673091 114.2750880799987
 81361520 16 25685.072 25744.915 29673.1 87.7417135385248 101.12943235586523 101.36505126401826 87.7417135385248 101.12943235586523 101.36505126401826
 89497600 16 25475.979 25533.915 28550.863 100.30951428683608 112.16153887878141 112.41661017227247 100.30951428683608 112.16153887878141 112.41661017227247
 98447360 16 25786.161 29769.897 33946.037 92.80363183484423 105.8221840673483 122.17078455377674 92.80363183484423 105.8221840673483 122.17078455377674
 108292080 16 28248.072 31158.924 36211.014 95.69868880225226 111.21521911347132 122.675507199217 95.69868880225226 111.21521911347132 122.675507199217
 119121280 16 30735.97 36816.835 40276.051 94.64386069031444 103.53635666944211 124.02019392913253 94.64386069031444 103.53635666944211 124.02019392913253
 131033360 16 33271.074 40429.831 42376.041 98.94901508142301 103.71221982105243 126.02741708909066 98.94901508142301 103.71221982105243 126.02741708909066
 144136640 8 20118.952 21440.983 22053.957 104.5701794013655 107.55972522341911 114.62755316479705 104.5701794013655 107.55972522341911 114.62755316479705
 158550240 8 23403.883 23577.929 23641.109 107.304773223625 107.59230974018116 108.39243385381819 107.304773223625 107.59230974018116 108.39243385381819
 174405200 8 24791.002 26206.97 29649.973 94.11419025575503 106.4786657900551 112.56032329794496 94.11419025575503 106.4786657900551 112.56032329794496
 191845680 8 25663.853 30744.076 30835.152 99.54648123673917 99.84137692087411 119.60522373627997 99.54648123673917 99.84137692087411 119.60522373627997
 211030240 8 28337.955 28842.926 35543.919 94.9946976865438 117.0645391525118 119.15058231971926 94.9946976865438 117.0645391525118 119.15058231971926
 232133200 8 31873.941 37785.053 41234.016 90.07444727188349 98.29630780192369 116.52563453010096 90.07444727188349 98.29630780192369 116.52563453010096
 255346480 8 34297.228 34646.034 49206.018 83.02934978400407 117.92240577954752 119.12168761860285 83.02934978400407 117.92240577954752 119.12168761860285
 280881120 4 20433.903 21930.933 23799.896 94.41423441514198 102.46025374296661 109.96670386465081 94.41423441514198 102.46025374296661 109.96670386465081
 308969200 4 23277.044 26183.844 29313.087 84.32252802306355 94.39995135931912 106.18846619871492 84.32252802306355 94.39995135931912 106.18846619871492
 339866080 4 24471.998 25413.036 26757.002 101.61559355566068 106.98952458887636 111.10366386921085 101.61559355566068 106.98952458887636 111.10366386921085
 373852640 4 25773.048 29838.085 37992.001 78.72239001046563 100.235022455362 116.04452527306822 78.72239001046563 100.235022455362 116.04452527306822
 411237840 4 30925.989 31116.962 35475.016 92.73858312001887 105.72698967206375 106.37987098811941 92.73858312001887 105.72698967206375 106.37987098811941
 452361600 4 28795.004 33442.02 36992.073 97.82887268848114 108.21394162194748 125.67780160752885 97.82887268848114 108.21394162194748 125.67780160752885
 497597760 4 35506.01 40423.155 40766.954 97.6472777436352 98.47776800202755 112.11572576023043 97.6472777436352 98.47776800202755 112.11572576023043
 547357520 2 21509.171 23447.037 25551.081 85.68835424223344 93.3776869119966 101.79053762694994 85.68835424223344 93.3776869119966 101.79053762694994
 602093200 2 22416.115 22862.911 27606.01 87.24088703872818 105.33972686155319 107.43934887914342 87.24088703872818 105.33972686155319 107.43934887914342
 662302480 2 23309.946 24009.943 26634.932 99.46373882238558 110.33803453844102 113.65148250450687 99.46373882238558 110.33803453844102 113.65148250450687
 728532720 2 23879.051 28414.965 36153.793 80.60373858975186 102.55620163530027 122.03713120760119 80.60373858975186 102.55620163530027 122.03713120760119
 801385920 2 31090.021 32235.146 33432.007 95.88247812941651 99.44250539457771 103.10522723673941 95.88247812941651 99.44250539457771 103.10522723673941
 881524480 2 29846.191 31990.051 35580.873 99.10093886678948 110.22482958842424 118.14230901356895 99.10093886678948 110.22482958842424 118.14230901356895
 969676880 2 30999.899 31996.965 38271.904 101.34608197177751 121.22110706437313 125.1200050684036 101.34608197177751 121.22110706437313 125.1200050684036
 1066644560 2 34832.001 41663.885 43227.911 98.69961655098254 102.40471429872657 122.49018481596853 98.69961655098254 102.40471429872657 122.49018481596853
 1173308960 1 21275.997 21550.179 23360.014 100.45447404269535 108.89087835418907 110.29414602756337 100.45447404269535 108.89087835418907 110.29414602756337
 1290639840 1 23414.85 26329.994 26604.176 97.02535722211431 98.03571090825164 110.24113671452093 97.02535722211431 98.03571090825164 110.24113671452093
 1419703760 1 24345.875 28223.991 31157.017 91.13220049274936 100.60262278286582 116.6278689921804 91.13220049274936 100.60262278286582 116.6278689921804
 1561674080 1 26662.827 29373.169 42984.009 72.66302591738244 106.33337383514866 117.14242304463814 72.66302591738244 106.33337383514866 117.14242304463814
 1717841440 1 29911.995 32870.054 45349.121 75.76073811882705 104.52318940516497 114.85970360719838 75.76073811882705 104.52318940516497 114.85970360719838
 1889625520 1 37123.919 37603.14 69926.023 54.046417597637436 100.50360262467443 101.80097203638442 54.046417597637436 100.50360262467443 101.80097203638442
 2078588000 1 36242.008 38388.014 39669.037 104.79649405151933 108.29359393273117 114.70600635593921 104.79649405151933 108.29359393273117 114.70600635593921
 
META_DATA
 FLOPS          16
 OPENMP_THREADS 10
 ERT_VERSION  1.1.0
 HOSTNAME  Rezas-MacBook-Pro.local
 UNAME  uname_result(system='Darwin', node='Rezas-MacBook-Pro.local', release='21.6.0', version='Darwin Kernel Version 21.6.0: Wed Aug 10 14:28:23 PDT 2022; root:xnu-8020.141.5~2/RELEASE_ARM64_T6000', machine='arm64')
 TIMESTAMP_DATA  1705699377.580321
 CONFIG  {'ERT_RESULTS': ['Results.MyMacBookPro'], 'ERT_DRIVER': ['driver1'], 'ERT_KERNEL': ['kernel1'], 'ERT_MPI': ['False'], 'ERT_OPENMP': ['True'], 'ERT_OPENMP_CFLAGS': ['-Xpreprocessor', '-fopenmp', '-I/opt/homebrew/opt/libomp/include'], 'ERT_OPENMP_LDFLAGS': ['-L/opt/homebrew/opt/libomp/lib', '-lomp'], 'ERT_FLOPS': ['1,2,4,8,16'], 'ERT_ALIGN': ['32'], 'ERT_CC': ['clang'], 'ERT_CFLAGS': ['-O3', '-std=c++11', '-Xpreprocessor', '-fopenmp', '-I/opt/homebrew/opt/libomp/include'], 'ERT_LD': ['clang'], 'ERT_LDFLAGS': ['-L/opt/homebrew/opt/libomp/lib', '-lomp', '-lc++'], 'ERT_LDLIBS': [], 'ERT_PRECISION': ['FP64'], 'ERT_RUN': ['export', 'OMP_NUM_THREADS=ERT_OPENMP_THREADS;', './ERT_CODE'], 'ERT_PROCS_THREADS': ['1-10'], 'ERT_OPENMP_THREADS': ['1,2,4,8,10'], 'ERT_NUM_EXPERIMENTS': ['3'], 'ERT_MEMORY_MAX': ['2147483648', '#', 'Adjusted', 'to', '2GB,', 'consider', 'your', "system's", 'RAM'], 'ERT_WORKING_SET_MIN': ['1'], 'ERT_TRIALS_MIN': ['1'], 'ERT_GNUPLOT': ['gnuplot'], 'ERT_GPU': [False], 'ERT_HIP': [False], 'ERT_OCL': [False], 'ERT_SYCL': [False], 'ERT_WSS_MULT': [1.1]}
 TIMESTAMP_DATA  1705699396.800868
 TIMESTAMP_DATA  1705699415.74668
 