fp64
 80 16777216 102385.044 104054.928 110481.977 24.296764349175252 25.79747650202593 26.218229295286527 1.5185477718234532 1.6123422813766206 1.638639330955408
 160 8388608 64222.097 64709.902 65111.16 41.22725750854385 41.482902570305235 41.797989872551184 2.5767035942839907 2.592681410644077 2.612374367034449
 240 8388608 91135.025 98539.114 104346.037 38.588258411768905 40.862269575510894 44.18204570635713 2.4117661507355566 2.553891848469431 2.7613778566473206
 320 4194304 49138.069 49516.916 55469.036 48.393748180516425 54.210859173862936 54.62881661059981 3.0246092612822766 3.3881786983664335 3.4143010381624883
 400 4194304 57923.079 67941.189 71840.048 46.70714028476151 49.38746656317716 57.9292961964263 2.9191962677975942 3.0867166601985727 3.6205810122766438
 480 4194304 72429.895 78188.896 90585.947 44.449850924448576 51.497489362172345 55.592125875648435 2.778115682778036 3.2185930851357716 3.474507867228027
 560 2097152 37167.072 39085.15 43221.951 54.34299437339143 60.094696834987204 63.19599886695406 3.396437148336964 3.7559185521867002 3.949749929184629
 640 2097152 13525.009 15841.007 27314.186 98.27693785200115 169.4560554136489 198.47340286427908 6.142308615750072 10.591003463353056 12.404587679017443
 720 2097152 14582.157 19078.016 28293.848 106.73341003316338 158.2920823632814 207.09548525639931 6.670838127072711 9.893255147705087 12.943467828524957
 800 2097152 22392.035 24911.88 27332.067 122.76580472307492 134.69249209614046 149.84985509356338 7.672862795192183 8.418280756008778 9.365615943347711
 880 2097152 25040.15 27576.923 27668.953 133.39816363850125 133.84334140542077 147.40277194825111 8.337385227406328 8.365208837838798 9.212673246765695
 960 2097152 35355.806 37318.945 39199.829 102.71809706108667 107.89511439833038 113.88601464777808 6.419881066317917 6.743444649895649 7.11787591548613
 1040 1048576 23633.957 25171.041 29856.92 73.04966754775778 86.64870396103204 92.28408429447512 4.565604221734861 5.4155439975645026 5.767755268404695
 1120 1048576 22392.988 22793.055 23458.004 100.12830759172861 103.04938236669021 104.89043445207044 6.258019224483038 6.440586397918138 6.555652153254402
 1200 1048576 23283.958 23958.206 25604.963 98.2849457739892 105.04051931100351 108.0822427183557 6.142809110874325 6.565032456937719 6.755140169897231
 1280 1048576 12826.92 13284.922 13314.009 201.61880317190713 202.06024243123142 209.27506837183049 12.601175198244196 12.628765151951963 13.079691773239405
 1360 1048576 13036.013 13506.174 16258.955 175.41882119730326 211.17206989929196 218.78826908196544 10.963676324831454 13.198254368705747 13.67426681762284
 1440 1048576 10793.924 13191.223 13192.892 228.90347923715285 228.9324409116577 279.7776675099806 14.306467452322053 14.308277556978606 17.486104219373786
 1520 1048576 13575.077 15268.087 15861.034 200.9749830937882 208.77998926781072 234.8178975338409 12.560936443361763 13.04874932923817 14.676118595865056
 1600 1048576 20415.783 21085.978 25101.9 133.6728773519136 159.13149487303838 164.35535193531396 8.3545548344946 9.945718429564899 10.272209495957123
 1760 1048576 23467.064 23818.97 24175.882 152.67230043561594 154.95999701078594 157.28373690036386 9.542018777225996 9.684999813174121 9.830233556272741
 1920 1048576 11970.997 15129.089 18290.997 220.13736265989218 266.1450296181085 336.35726748574075 13.758585166243261 16.63406435113178 21.022329217858797
 2080 524288 7161.856 8080.006 8492.947 256.8058036862823 269.9302550022859 304.5353159851301 16.050362730392642 16.870640937642868 19.033457249070633
 2240 524288 8498.907 8944.035 11507.034 204.11951854839398 262.6119240365227 276.3661539066141 12.757469909274624 16.413245252282668 17.27288461916338
 2400 524288 10370.97 10780.811 10898.829 230.9039255501669 233.43164071793856 242.6564149737199 14.43149534688543 14.58947754487116 15.166025935857494
 2640 524288 10599.136 10995.865 11001.825 251.61649453613376 251.75287619482415 261.17606567176796 15.72603090850836 15.73455476217651 16.323504104485497
 2880 524288 8145.094 9474.993 10410.07 290.09400321035304 318.72307240754685 370.762925510743 18.130875200647065 19.920192025471678 23.172682844421438
 3120 524288 8805.037 10434.151 10766.983 303.850867044185 313.5432025087619 371.5551814262677 18.990679190261563 19.59645015679762 23.222198839141733
 3360 524288 8918.047 10481.834 10840.893 324.99309420358634 336.12584973202206 395.0657985991776 20.312068387724146 21.00786560825138 24.6916124124486
 3680 524288 7739.067 7831.097 8437.872 457.3143181124341 492.7482931190866 498.6078657802032 28.58214488202713 30.796768319942913 31.1629916112627
 4000 524288 7503.986 8860.826 9126.902 459.5539647516759 473.35361285731153 558.9434735086126 28.722122796979743 29.58460080358197 34.933967094288285
 4400 262144 3836.87 4111.052 4827.023 477.90681751464626 561.1379277129066 601.2367372363411 29.86917609466539 35.07112048205666 37.57729607727132
 4800 262144 3428.936 3946.066 3971.1 633.7242577623329 637.744629714759 733.9251592913953 39.6077661101458 39.859039357172435 45.870322455712206
 5280 262144 4102.945 4107.952 4125.118 671.0694433468327 673.8736577253093 674.6960146918861 41.941840209177045 42.11710360783183 42.168500918242884
 5760 262144 3982.067 4013.062 6118.059 493.6040793330041 752.5173745135262 758.3747033889687 30.850254958312757 47.03233590709539 47.39841896181054
 6320 262144 4390.001 5175.829 8739.948 379.1212670830535 640.1873323094716 754.7834636028556 23.695079192690844 40.01170826934197 47.173966475178474
 6880 262144 4985.094 5242.109 5449.057 661.9680139150682 688.1011898073848 723.5774169955472 41.373000869691765 43.00632436296155 45.2235885622217
 7520 262144 5118.847 5455.017 5953.074 662.2873762362101 722.7559070851659 770.2214502601855 41.39296101476313 45.172244192822866 48.138840641261595
 8240 131072 2846.003 3361.94 3478.05 621.0567875677463 642.505981665348 758.9825309390046 38.81604922298414 40.15662385408425 47.43640818368779
 9040 131072 3150.94 3438.95 3997.803 592.7710194824507 689.100382384158 752.0872374592979 37.04818871765317 43.06877389900988 47.005452341206116
 9920 131072 3484.011 4025.936 8295.059 313.49608001582635 645.9289169028023 746.4007662432754 19.593505000989147 40.37055730642514 46.65004789020471
 10880 131072 3705.978 4051.924 4696.846 607.2429711342463 703.8944264502493 769.6016328213497 37.952685695890395 43.99340165314058 48.10010205133435
 11920 131072 3869.772 4467.01 5163.908 605.1146689677662 699.5185773033862 807.4781873454043 37.81966681048539 43.71991108146164 50.46738670908777
 13040 131072 4951.0 5622.864 7369.041 463.88095275898183 607.9389008875193 690.4378428600284 28.992559547436365 37.99618130546995 43.15236517875177
 14320 131072 5403.996 5759.954 10229.111 366.982241174233 651.7243158539114 694.6530086254689 22.936390073389564 40.732769740869465 43.41581303909181
 15680 131072 6567.001 6616.116 7625.103 539.0639208414627 621.2735568723401 625.9200996010203 33.69149505259142 38.82959730452126 39.12000622506377
 17200 65536 3646.851 3725.052 3872.871 582.1103775467864 605.2099138481826 618.1876912437608 36.38189859667415 37.825619615511414 38.63673070273505
 18880 65536 3166.914 3890.038 4503.012 549.55202428952 636.1478628229338 781.4040292852915 34.347001518095 39.75924142643336 48.83775183033072
 20720 65536 3782.034 3883.123 6735.086 403.2334316146817 699.3885694581398 718.0823440508467 25.202089475917607 43.71178559113374 44.88014650317792
 22720 65536 4117.012 4155.874 5511.999 540.267848379508 716.56547816416 723.3294049179357 33.76674052371925 44.78534238526 45.20808780737098
 24960 65536 3986.12 4545.927 5188.942 630.4863534801507 719.6677641325961 820.7372382166117 39.40539709250942 44.979235258287254 51.29607738853823
 27440 65536 4329.205 4642.963 5915.165 608.0330269738884 774.6380231761485 830.7797112864833 38.00206418586802 48.41487644850928 51.92373195540521
 30160 65536 4738.092 5088.091 8610.01 459.1320474656824 776.938053977415 834.3298357229029 28.69575296660515 48.55862837358844 52.14561473268143
 33120 32768 2597.809 3194.809 3280.163 661.7208717981393 679.3997137231052 835.5319116994359 41.35755448738371 42.46248210769407 52.220744481214744
 36400 32768 2992.153 3072.977 6243.944 382.051856967327 776.2864479623505 797.2554879379496 23.87824106045794 48.51790299764691 49.82846799612185
 40000 32768 3257.036 3422.976 3657.818 716.6676964244804 765.8365118540124 804.8544750503219 44.79173102653002 47.86478199087578 50.30340469064512
 44000 32768 3799.915 3916.025 4015.207 718.1657134987063 736.3548496243001 758.8548691220724 44.88535709366914 46.022178101518755 47.428429320129524
 48400 32768 4068.851 4661.083 4899.025 647.464015799062 680.5161804670716 779.5671062911863 40.46650098744138 42.53226127919198 48.72294414319914
 53200 32768 4343.987 4343.987 4554.033 765.5884794862047 802.6071901228066 802.6071901228066 47.849279967887796 50.162949382675414 50.162949382675414
 58480 32768 4556.894 5513.906 6287.098 609.5889200391024 695.0690272920866 841.0433246856301 38.0993075024439 43.44181420575541 52.56520779285188
 64320 32768 5300.999 8496.046 9976.864 422.5050597061361 496.1455623003924 795.1851188804224 26.406566231633505 31.009097643774524 49.6990699300264
 70720 16384 2924.919 2936.125 7289.886 317.886035529225 789.2555528119545 792.2793622661004 19.867877220576563 49.32847205074716 49.517460141631275
 77760 16384 3290.892 3603.935 9796.858 260.0874361963805 707.0159922418135 774.2702221768445 16.255464762273782 44.18849951511334 48.39188888605278
 85520 16384 4048.109 5006.075 5059.958 553.8226522828845 559.7837347622639 692.2539289332376 34.61391576768028 34.98648342264149 43.26587055832735
 94000 16384 3882.885 4354.0 4565.001 674.7407065190127 707.4395957740008 793.274073272837 42.1712941574383 44.21497473587505 49.57962957955231
 103360 16384 4634.142 4766.941 8373.976 404.45547969088994 710.4976713577953 730.8581566986942 25.27846748068062 44.406104459862206 45.67863479366839
 113680 16384 4619.122 5009.89 10097.98 368.89221804756994 743.5425208936722 806.4446533345513 23.05576362797312 46.47140755585451 50.402790833409455
 125040 16384 5663.872 5864.143 19416.809 211.0187477252313 698.7057989547664 723.4116025220909 13.188671732826956 43.6691124346729 45.21322515763068
 137520 8192 2925.873 3947.02 9862.185 228.46130750944138 570.8427319851432 770.0702251943267 14.278831719340086 35.67767074907145 48.12938907464542
 151200 8192 3422.976 6678.82 7514.0 329.686026084642 370.91294569998894 723.7155037020416 20.605376630290124 23.18205910624931 45.2322189813776
 166320 8192 3999.949 4276.037 4723.072 576.9522209273964 637.2692472024914 681.2554060064266 36.059513807962276 39.829327950155715 42.57846287540166
 182880 8192 3785.133 3887.177 5620.956 533.0598424894271 770.8179792173086 791.5985831937742 33.31624015558919 48.176123701081785 49.474911449610886
 201120 8192 4503.012 4738.092 5769.968 571.086369976402 695.4592861430298 731.7657781058545 35.692898123525126 43.46620538393936 45.7353611316159
 221200 8192 4294.872 5017.042 5975.008 606.5499493891891 722.3660475634846 843.8297579066385 37.90937183682432 45.14787797271779 52.73935986916491
 243280 8192 5432.129 6292.105 6381.035 624.6478071347359 633.4763199279097 733.7637821193126 39.040487945920994 39.592269995494355 45.86023638245704
 267600 4096 2633.81 3050.089 4534.96 483.3954875015435 718.726306019267 832.322453024326 30.21221796884647 44.92039412620419 52.02015331402038
 294320 4096 3298.044 4085.064 5324.841 452.7965135484796 590.2158301559044 731.0604224807189 28.299782096779975 36.88848938474403 45.69127640504493
 323680 4096 3814.936 4208.088 4965.067 534.0484952166809 630.1167085859422 695.0540087697409 33.378030951042554 39.38229428662139 43.44087554810881
 356000 4096 3949.881 9310.961 16055.107 181.6463758229702 313.2170782371444 738.3392056621453 11.352898488935638 19.576067389821525 46.14620035388408
 391600 4096 3921.032 4491.806 5132.914 624.9836252857539 714.1864987045301 818.1486914669401 39.06147658035962 44.63665616903313 51.13429321668376
 430720 4096 4925.966 4984.856 7559.061 466.78525811605437 707.8355402844134 716.2977251568524 29.174078632253398 44.239721267775835 44.768607822303274
 473760 4096 5326.033 5486.012 8378.983 463.187706670368 707.443206467649 728.6928038185268 28.949231666898 44.215200404228064 45.54330023865793
 521120 4096 6928.921 7068.872 15686.035 272.1538642493148 603.9174340686887 616.1154153727543 17.009616515582174 37.74483962929305 38.507213460797146
 573200 2048 2777.1 4003.048 5226.851 449.18579083275955 586.5098794718425 845.4240754744158 28.074111927047472 36.65686746699016 52.839004717150985
 630480 2048 3604.889 3911.972 4600.048 561.3954636995093 660.1392034503314 716.3732586495728 35.08721648121933 41.25870021564571 44.7733286655983
 693520 2048 4924.059 5235.91 6232.977 455.74657503148177 542.5337563097914 576.8935587489914 28.48416093946761 33.908359769361965 36.05584742181196
 762800 2048 4699.945 4769.087 5021.095 622.2604431901806 655.1419171006944 664.7798644452223 38.891277699386286 40.9463698187934 41.548741527826394
 839040 2048 4681.826 4719.973 5160.093 666.0166473743786 728.1202328911628 734.0528759505372 41.626040460898665 45.507514555697675 45.878304746908576
 922880 2048 4886.15 5108.118 5647.898 669.2961664675955 740.0213699057069 773.63905733553 41.83101040422472 46.25133561910668 48.35244108347062
 1015120 2048 5533.934 6217.957 8713.007 477.2097072801617 668.6973743948373 751.3518448178096 29.825606705010106 41.79358589967733 46.9594903011131
 1116560 1024 3524.065 3954.887 4724.979 483.9629721105638 578.1998019159587 648.8855568782074 30.247685756910236 36.13748761974742 40.55534730488796
 1228160 1024 3401.995 3747.94 4398.108 571.8985709309549 671.1077765385786 739.3519625984165 35.74366068318468 41.94423603366116 46.209497662401034
 1350960 1024 4283.905 4715.919 4968.166 556.8988797878332 586.686514335806 645.8514089364727 34.80617998673957 36.667907145987876 40.36571305852954
 1486000 1024 4895.926 5006.075 6037.951 504.03323909054575 607.9269687329894 621.6041664028418 31.50207744315911 37.99543554581184 38.85026040017761
 1634560 1024 6388.903 6509.066 8890.867 376.51883443988083 514.2948128041719 523.9677108887081 23.532427152492552 32.143425800260744 32.747981930544256
 1798000 1024 5778.074 6217.957 6247.044 589.4474250541535 592.2048029602005 637.2891728281777 36.840464065884596 37.01280018501253 39.830573301761106
 1977760 1024 7138.968 7842.064 8172.989 495.59010540696914 516.5033695210851 567.3722700535988 30.97438158793557 32.28146059506782 35.46076687834992
 2175520 512 3730.059 3901.958 4619.122 482.2848324854809 570.9268218673803 597.2378667468797 30.142802030342555 35.68292636671127 37.32736667167998
 2393040 512 4416.943 5199.909 7421.97 330.16476218578083 471.2530469283212 554.7893554433462 20.635297636611302 29.453315433020077 34.674334715209135
 2632320 512 3900.766 5275.011 5747.08 469.0200380019071 510.99337612755687 691.0170156323143 29.313752375119194 31.937086007972304 43.18856347701964
 2895520 512 5548.954 5637.884 5644.083 525.3311264203592 525.9087416484624 534.337188594463 32.83319540127245 32.8692963530289 33.39607428715394
 3185040 512 5124.092 5223.036 6901.026 472.6081252265967 624.4416006322759 636.4992978268151 29.538007826662295 39.027600039517246 39.781206114175944
 3503520 512 5561.829 6372.929 7795.095 460.23871165136535 562.9443667111308 645.0404138638567 28.764919478210334 35.184022919445674 40.31502586649104
 3853840 512 6123.066 7215.977 7636.07 516.801464627747 546.8881289394353 644.5026331579637 32.30009153923419 34.18050805871471 40.28141457237273
 4239200 256 3480.911 4158.02 8620.024 251.7940089261933 521.9961423946975 623.5351607668223 15.737125557887081 32.62475889966859 38.97094754792639
 4663120 256 3995.18 4501.104 7151.842 333.832520349303 530.4292991230595 597.5994673581665 20.86453252183144 33.15183119519122 37.34996670988541
 5129360 256 4452.944 4997.969 5543.947 473.71165705588453 525.4599058137416 589.7743874614188 29.606978565992783 32.84124411335885 36.86089921633867
 5642240 256 5679.131 6112.099 6396.055 451.6576045703171 472.64072129721717 508.6741052460314 28.22860028564482 29.540045081076073 31.79213157787696
 6206400 256 5890.131 7542.133 9752.035 325.8475589966607 421.3233577291729 539.4917023067908 20.365472437291295 26.332709858073308 33.718231394174424
 6827040 256 5357.981 8027.077 13043.165 267.99051303882146 435.4567023587789 652.3809024332114 16.74940706492634 27.21604389742368 40.773806402075714
 7509680 256 5968.809 6710.052 10164.022 378.290814403983 573.0143611405695 644.1747692043756 23.643175900248938 35.81339757128559 40.260923075273475
 8260640 256 6854.057 7961.988 9329.081 453.3616633835637 531.2049804646779 617.0721486558982 28.335103961472733 33.20031127904237 38.56700929099364
 9086640 128 4174.948 4419.088 4508.018 516.0094391814762 526.3936450235886 557.1757636262774 32.25058994884226 32.89960281397429 34.82348522664234
 9995280 128 4519.939 4823.208 4961.014 515.7799756259507 530.5165524688133 566.1119939892993 32.23624847662192 33.15728452930083 35.38199962433121
 10994800 128 4631.042 4814.863 7586.002 371.0345449421184 584.5792081726936 607.7830432114414 23.1896590588824 36.53620051079335 37.98644020071509
 12094240 128 5843.878 5980.968 6299.973 491.4505887564914 517.6629334917023 529.8066523633793 30.715661797280713 32.3539333432314 33.112915772711204
 13303600 128 6617.069 6880.045 6968.975 488.6976348745691 495.01443667882984 514.6873336215777 30.543602179660567 30.938402292426865 32.16795835134861
 14633920 128 6109.953 6958.008 11502.981 325.6793625930531 538.4132240146893 613.1444088031446 20.35496016206582 33.65082650091808 38.32152555019654
 16097280 128 7869.959 8512.02 8806.944 467.91528139613473 484.127584286691 523.624542389611 29.24470508725842 30.257974017918187 32.726533899350684
 17706960 64 4377.127 4827.023 5223.989 433.86210805574063 469.54217537393134 517.8033171073172 27.11638175348379 29.34638596087071 32.362707319207324
 19477600 64 5069.017 5275.011 7587.91 328.5664695548577 472.6308248456733 491.8375298405984 20.535404347178606 29.539426552854582 30.7398456150374
 21425360 64 5462.885 5789.995 5924.94 462.86478512862584 473.65258173798077 502.01424338971077 28.929049070539115 29.603286358623798 31.375890211856923
 23567840 64 6256.104 6344.08 7218.838 417.89045827043077 475.5115824516715 482.1984289263733 26.118153641901923 29.719473903229467 30.137401807898332
 25924560 64 6151.199 6309.032 6528.139 508.3138824096729 525.9671658029314 539.4629047117481 31.769617650604555 32.87294786268321 33.71643154448426
 28516960 64 9088.993 9178.877 17657.995 206.7149118572069 397.67074773962 401.60344275763003 12.919681991075432 24.85442173372625 25.100215172351877
 31368640 64 9345.055 9555.817 10931.969 367.28844730532995 420.1823789635152 429.65888590275824 22.955527956583122 26.2613986852197 26.85368036892239
 34505440 32 6247.044 7992.983 9891.033 223.26769711515473 276.2858572325251 353.5028983307945 13.95423106969717 17.267866077032817 22.093931145674656
 37955920 32 7084.846 7719.994 8599.043 282.49409614535017 314.6607212389025 342.8696798773043 17.655881009084386 19.666295077431407 21.42935499233152
 41751440 32 9325.981 10122.061 10576.01 252.65597895614698 263.98696471005263 286.5212957221337 15.790998684759186 16.49918529437829 17.907580982633355
 45926560 32 11451.96 11674.166 11926.174 246.4579034315615 251.77814329520413 256.6634742000496 15.403618964472594 15.736133955950258 16.0414671375031
 50519200 32 12432.814 13720.036 14863.014 217.5352051744014 235.65745745856645 260.05607419205336 13.595950323400087 14.728591091160403 16.253504637003335
 55571120 32 15285.015 15691.996 17227.888 206.44153711702793 226.6475010572269 232.68224990292782 12.902596069814246 14.16546881607668 14.542640618932989
 61128160 32 17035.007 18800.02 19804.955 197.53653769978268 208.0956424514442 229.65662649859783 12.346033606236418 13.005977653215263 14.353539156162364
 67240960 16 10359.049 11513.948 11922.121 180.4805302680622 186.87862060867394 207.71315204706534 11.280033141753888 11.679913788042121 12.982072002941583
 73965040 16 11243.105 11884.928 12842.894 184.2950101433524 199.149820680445 210.51847154322581 11.518438133959526 12.446863792527813 13.157404471451613
 81361520 16 14270.067 14313.936 15473.127 168.26389649616397 181.89047652581374 182.44964371926218 10.516493531010248 11.368154782863359 11.403102732453887
 89497600 16 15954.018 16360.998 19486.904 146.96655764302017 175.04575209898567 179.51109244078825 9.18540985268876 10.940359506186605 11.219443277549265
 98447360 16 18598.08 18907.07 19222.975 163.88282875049256 166.6210322382051 169.38928749634368 10.242676796905785 10.413814514887818 10.58683046852148
 108292080 16 21103.859 21349.192 22273.779 155.5796418739721 162.31745726020918 164.204402616602 9.723727617123256 10.144841078763074 10.262775163537626
 119121280 16 23900.986 24019.003 25170.088 151.44488012914377 158.70271384703187 159.48634755068264 9.465305008071486 9.918919615439492 9.967896721917665
 131033360 16 25714.874 27151.108 27256.012 153.8400966362944 154.43449011362628 163.06000643829714 9.6150060397684 9.652155632101643 10.191250402393571
 144136640 8 14657.974 15527.01 15969.038 144.4161032117276 148.5273880805126 157.33321944765353 9.026006450732975 9.282961755032037 9.833326215478346
 158550240 8 15857.935 16782.045 17858.028 142.05397370863125 151.16178272671777 159.970629214964 8.878373356789453 9.447611420419861 9.99816432593525
 174405200 8 17868.042 18234.015 18271.923 152.71973289291995 153.03723288590035 156.17173946647316 9.544983305807497 9.564827055368772 9.760733716654572
 191845680 8 20448.923 21541.119 22613.049 135.74157469875027 142.49635220900086 150.10721493743216 8.483848418671892 8.906022013062554 9.38170093358951
 211030240 8 21204.948 22164.106 25282.145 133.5521111836041 152.34017740214742 159.23094175944217 8.347006948975256 9.521261087634214 9.951933859965136
 232133200 8 23506.88 26072.979 26724.815 138.97687224401741 142.4513554818573 158.00187859894635 8.686054515251088 8.90320971761608 9.875117412434147
 255346480 8 25355.816 29768.944 31460.047 129.86451291697054 137.2418074352923 161.12846378124846 8.116532057310659 8.577612964705768 10.070528986328029
 280881120 4 14201.88 15815.973 16249.18 138.2869141704381 142.0746583216853 158.22193681399926 8.642932135652382 8.87966614510533 9.888871050874954
 308969200 4 15687.943 17647.028 18840.075 131.1965902471195 140.0662819824392 157.55753319603468 8.199786890444969 8.75414262390245 9.847345824752168
 339866080 4 17552.137 20654.917 32376.051 83.97962555717496 131.6359024826873 154.90584650746518 5.248726597323435 8.227243905167956 9.681615406716574
 373852640 4 18972.874 20626.068 23661.852 126.39843745113443 145.0020003812651 157.63669331277907 7.899902340695902 9.062625023829069 9.852293332048692
 411237840 4 20426.035 21454.811 22797.823 144.30775780652388 153.34102546976527 161.06418695552026 9.019234862907743 9.58381409186033 10.066511684720016
 452361600 4 22654.057 25280.952 26083.946 138.7402350855963 143.14701440040704 159.74590334967374 8.67126469284977 8.94668840002544 9.984118959354609
 497597760 4 26692.867 29196.978 29873.848 133.2530740599604 136.34226391512163 149.13280315673848 8.328317128747525 8.521391494695102 9.320800197296155
 547357520 2 14400.959 15509.844 15746.117 139.0457139369662 141.1639008103499 152.03363053807735 8.690357121060387 8.822743800646869 9.502101908629834
 602093200 2 16039.133 16419.888 17235.041 139.73699279276445 146.67413078578855 150.15604646460628 8.733562049547778 9.167133174111784 9.384752904037892
 662302480 2 16397.953 18252.85 20349.026 130.1885367879524 145.13952177331214 161.5573553601477 8.136783549247024 9.071220110832009 10.097334710009232
 728532720 2 18533.945 20415.068 20591.974 141.51780106171464 142.74411821699542 157.23208847333908 8.844862566357165 8.921507388562214 9.827005529583692
 801385920 2 19032.001 20340.919 20544.052 156.03268916959516 157.59089744175273 168.42914625740087 9.752043073099697 9.849431090109546 10.526821641087555
 881524480 2 21399.021 23303.986 25743.961 136.96796386538963 151.30878983535263 164.77846907108508 8.560497741586852 9.45679936470954 10.298654316942818
 969676880 2 22827.864 26211.023 27287.96 142.13988586907925 147.98001283658405 169.91110162562734 8.883742866817453 9.248750802286503 10.619443851601709
 1066644560 2 24778.128 28475.046 29716.969 143.573802563781 149.83569262715153 172.19130678475793 8.973362660236312 9.36473078919697 10.76195667404737
 1173308960 1 14956.951 15620.232 16555.071 141.74617070503652 150.22938967871923 156.89146270519973 8.859135669064782 9.389336854919952 9.805716419074983
 1290639840 1 16731.977 17114.878 18635.035 138.51756543521384 150.82080514976502 154.27224648946148 8.657347839700865 9.426300321860314 9.642015405591343
 1419703760 1 19020.081 19144.058 21286.011 133.39312471463066 148.3179543229549 149.2847228147977 8.337070294664416 9.269872145184682 9.330295175924856
 1561674080 1 18496.037 20370.007 20897.865 149.45776326911863 153.3307357233603 168.86580406386514 9.341110204319914 9.583170982710019 10.554112753991571
 1717841440 1 20935.774 22060.871 23715.019 144.8737139953377 155.73650197220226 164.10584485675093 9.054607124708607 9.733531373262641 10.256615303546933
 1889625520 1 23162.127 23612.022 25023.937 151.02543776384985 160.05622220748398 163.1651117360681 9.439089860240616 10.003513887967749 10.197819483504256
 2078588000 1 25573.969 26286.125 27107.954 153.3563174852665 158.15096367380127 162.55497924471558 9.584769842829155 9.88443522961258 10.159686202794724
 
META_DATA
 FLOPS          1
 OPENMP_THREADS 10
 ERT_VERSION  1.1.0
 HOSTNAME  ('localhost', ['1.0.0.0.0.0.0.0.0.0.0.0.0.0.0.0.0.0.0.0.0.0.0.0.0.0.0.0.0.0.0.0.ip6.arpa'], ['::1'])
 UNAME  uname_result(system='Darwin', node='Rezas-MacBook-Pro.local', release='21.6.0', version='Darwin Kernel Version 21.6.0: Wed Aug 10 14:28:23 PDT 2022; root:xnu-8020.141.5~2/RELEASE_ARM64_T6000', machine='arm64')
 TIMESTAMP_DATA  1705686914.810517
 CONFIG  {'ERT_RESULTS': ['Results.MyMacBookPro'], 'ERT_DRIVER': ['driver1'], 'ERT_KERNEL': ['kernel1'], 'ERT_MPI': ['False'], 'ERT_OPENMP': ['True'], 'ERT_OPENMP_CFLAGS': ['-Xpreprocessor', '-fopenmp', '-I/opt/homebrew/opt/libomp/include'], 'ERT_OPENMP_LDFLAGS': ['-L/opt/homebrew/opt/libomp/lib', '-lomp'], 'ERT_FLOPS': ['1,2,4,8,16'], 'ERT_ALIGN': ['32'], 'ERT_CC': ['clang'], 'ERT_CFLAGS': ['-O3', '-std=c++11', '-Xpreprocessor', '-fopenmp', '-I/opt/homebrew/opt/libomp/include'], 'ERT_LD': ['clang'], 'ERT_LDFLAGS': ['-L/opt/homebrew/opt/libomp/lib', '-lomp', '-lc++'], 'ERT_LDLIBS': [], 'ERT_PRECISION': ['FP64'], 'ERT_RUN': ['export', 'OMP_NUM_THREADS=ERT_OPENMP_THREADS;', './ERT_CODE'], 'ERT_PROCS_THREADS': ['1-10'], 'ERT_OPENMP_THREADS': ['1,2,4,8,10'], 'ERT_NUM_EXPERIMENTS': ['3'], 'ERT_MEMORY_MAX': ['2147483648', '#', 'Adjusted', 'to', '2GB,', 'consider', 'your', "system's", 'RAM'], 'ERT_WORKING_SET_MIN': ['1'], 'ERT_TRIALS_MIN': ['1'], 'ERT_GNUPLOT': ['gnuplot'], 'ERT_GPU': [False], 'ERT_HIP': [False], 'ERT_OCL': [False], 'ERT_SYCL': [False], 'ERT_WSS_MULT': [1.1]}
 TIMESTAMP_DATA  1705686923.3692968
 TIMESTAMP_DATA  1705686932.915829
 