fp64
 64 33554432 733792.067 738199.949 758126.02 5.665241902658875 5.818162547719168 5.8531121950654725 5.665241902658875 5.818162547719168 5.8531121950654725
 128 16777216 359778.166 361247.063 379821.062 11.307870272870757 11.88927948737399 11.937820862647902 11.307870272870757 11.88927948737399 11.937820862647902
 192 8388608 180312.157 180437.088 183331.013 17.570543135546846 17.85234680799105 17.86471597697098 17.570543135546846 17.85234680799105 17.86471597697098
 256 8388608 203752.995 205380.917 218753.099 19.633858060223414 20.91220235422359 21.079284238251322 19.633858060223414 20.91220235422359 21.079284238251322
 320 4194304 110101.223 110282.898 111554.861 24.063089101962127 24.340624055780616 24.38078785010408 24.063089101962127 24.340624055780616 24.38078785010408
 384 4194304 151129.961 153466.94 165009.975 19.521398460911225 20.989702876723808 21.31427448724082 19.521398460911225 20.989702876723808 21.31427448724082
 448 4194304 155714.035 155920.029 163794.041 22.944036065390193 24.102717323122096 24.134602792869632 22.944036065390193 24.102717323122096 24.134602792869632
 512 4194304 99429.131 106733.084 107173.204 40.07501069017215 40.24026229767707 43.196267057790145 40.07501069017215 40.24026229767707 43.196267057790145
 576 2097152 50177.097 50348.997 70050.955 34.48802523819982 47.983460405378075 48.14784530081523 34.48802523819982 47.983460405378075 48.14784530081523
 640 2097152 50453.186 50771.952 51281.929 52.345038736744876 52.87081654847543 53.20485727105519 52.345038736744876 52.87081654847543 53.20485727105519
 704 2097152 53858.995 54053.068 54440.022 54.23932444406433 54.627611812894685 54.82445441100414 54.23932444406433 54.627611812894685 54.82445441100414
 768 2097152 60864.925 60884.953 64640.999 49.832544698141184 52.90675796366304 52.924167276966166 49.832544698141184 52.90675796366304 52.924167276966166
 832 2097152 68885.088 69061.995 73538.065 47.453804067322146 50.52939649368658 50.6591633881632 47.453804067322146 50.52939649368658 50.6591633881632
 896 2097152 71763.992 74352.98 78815.937 47.681934987336376 50.543991431143716 52.36743775346277 47.681934987336376 50.543991431143716 52.36743775346277
 960 2097152 60826.063 60986.996 84728.956 47.522500336248676 66.02279344927892 66.1974759076549 47.522500336248676 66.02279344927892 66.1974759076549
 1024 2097152 50876.856 51713.943 67741.871 63.40195853167387 83.05240418430287 84.41888185858026 63.40195853167387 83.05240418430287 84.41888185858026
 1088 1048576 25599.003 25894.88 26210.07 87.05437932825056 88.11399689822852 89.13243129039049 87.05437932825056 88.11399689822852 89.13243129039049
 1152 1048576 25945.902 26033.163 26468.039 91.27684540588744 92.80159710135875 93.1137065113404 91.27684540588744 92.80159710135875 93.1137065113404
 1216 1048576 27065.992 27417.898 33363.104 76.435838583844 93.00993212535842 94.21922654820855 76.435838583844 93.00993212535842 94.21922654820855
 1280 1048576 28351.068 28666.019 34672.022 77.42134450653037 93.64239101355511 94.68266098476431 77.42134450653037 93.64239101355511 94.68266098476431
 1408 1048576 27649.164 27990.818 28019.905 105.3818710663009 105.49137992323053 106.7949112674799 105.3818710663009 105.49137992323053 106.7949112674799
 1536 1048576 28867.96 28935.909 29071.093 110.80510361271935 111.32276756883635 111.58479754024879 110.80510361271935 111.32276756883635 111.58479754024879
 1664 1048576 32135.01 33697.844 38754.94 90.04428668964525 103.5573945917727 108.59374022289087 90.04428668964525 103.5573945917727 108.59374022289087
 1792 1048576 35050.869 35355.091 36097.05 104.11090058605895 106.29576328908333 107.21835124829573 104.11090058605895 106.29576328908333 107.21835124829573
 1920 1048576 38315.058 38424.015 39153.099 102.84069314666507 104.792064025584 105.09006250231958 102.84069314666507 104.792064025584 105.09006250231958
 2112 524288 16075.134 16177.893 16263.008 136.17361019560465 136.89004569383664 137.76510429088802 136.17361019560465 136.89004569383664 137.76510429088802
 2304 524288 18479.109 18548.012 18567.085 130.11838444214587 130.25218573289686 130.73785667912884 130.11838444214587 130.25218573289686 130.73785667912884
 2496 524288 20926.952 21030.903 22514.82 116.2454639210973 124.44761387563814 125.06578578667354 116.2454639210973 124.44761387563814 125.06578578667354
 2688 524288 23108.006 23226.976 26740.074 105.40630096984773 121.34908513273531 121.9738426586872 105.40630096984773 121.34908513273531 121.9738426586872
 2944 524288 26642.084 26735.067 35859.823 86.08541497820556 115.46661708384723 115.86960479518044 86.08541497820556 115.46661708384723 115.86960479518044
 3200 524288 24042.845 24205.208 24457.932 137.1924331133147 138.62484470284247 139.5609878947354 137.1924331133147 138.62484470284247 139.5609878947354
 3520 524288 28191.09 28249.979 28895.855 127.73415148989363 130.6545226104416 130.92744977225075 127.73415148989363 130.6545226104416 130.92744977225075
 3840 524288 31960.011 32226.801 32509.804 123.85592481578786 124.94357848301479 125.98655989198502 123.85592481578786 124.94357848301479 125.98655989198502
 4224 262144 15784.025 15966.892 16676.188 132.79968491600118 138.69903497812848 140.30594300249777 132.79968491600118 138.69903497812848 140.30594300249777
 4608 262144 18052.816 18093.109 27595.997 87.5459982112623 133.52702976586278 133.8250555481206 87.5459982112623 133.52702976586278 133.8250555481206
 5056 262144 21032.095 21242.857 24552.822 107.96315502959295 124.78548097367506 126.03595257628876 107.96315502959295 124.78548097367506 126.03595257628876
 5504 262144 21382.093 24033.07 27787.924 103.84659005113157 120.07126646741345 134.9578430886069 103.84659005113157 120.07126646741345 134.9578430886069
 6016 262144 24785.995 26391.983 28063.059 112.39389861240714 119.51040617144986 127.2539838727475 112.39389861240714 119.51040617144986 127.2539838727475
 6592 262144 25493.145 25528.193 25636.911 134.80978640523423 135.38390656949358 135.57003249304861 134.80978640523423 135.38390656949358 135.57003249304861
 7232 262144 26449.919 26522.16 39970.16 94.86203747996005 142.96161458946028 143.3520766547527 94.86203747996005 142.96161458946028 143.3520766547527
 7936 262144 31283.14 31456.947 31852.007 130.62754783395596 132.26806682797286 133.002939219017 130.62754783395596 132.26806682797286 133.002939219017
 8704 131072 16552.925 16798.973 16867.161 135.2747730338259 135.82386113722546 137.84279068503 135.2747730338259 135.82386113722546 137.84279068503
 9536 131072 17801.046 17891.884 17933.13 139.39592162662066 139.7172697967414 140.43024123413872 139.39592162662066 139.7172697967414 140.43024123413872
 10432 131072 19062.996 19124.031 19196.987 142.4539282127971 142.99737372314445 143.4552159587087 142.4539282127971 142.99737372314445 143.4552159587087
 11456 131072 20963.192 21263.123 21420.002 140.2017452659435 141.2361516226944 143.25688874098947 140.2017452659435 141.2361516226944 143.25688874098947
 12544 131072 23132.086 23243.904 23315.907 141.03394459413482 141.47082762000738 142.15468228848883 141.03394459413482 141.47082762000738 142.15468228848883
 13760 131072 25355.101 26028.156 34202.099 105.46432954304939 138.58459431394218 142.2633433800954 105.46432954304939 138.58459431394218 142.2633433800954
 15104 131072 28852.94 31737.089 33268.929 119.01263716664882 124.7569673450517 137.2277132243716 119.01263716664882 124.7569673450517 137.2277132243716
 16576 65536 15146.017 15210.152 15370.131 141.35529957421963 142.84206180188073 143.44691888303043 141.35529957421963 142.84206180188073 143.44691888303043
 18176 65536 17032.146 17179.012 17251.968 138.0923423924737 138.6787943334576 139.8746037052524 138.0923423924737 138.6787943334576 139.8746037052524
 19968 65536 18498.182 18526.793 19991.159 130.9201580558686 141.26814586852672 141.4866442550949 130.9201580558686 141.26814586852672 141.4866442550949
 21952 65536 20236.969 20291.805 29420.137 97.80010691316632 141.79579115805618 142.18001440828417 97.80010691316632 141.79579115805618 142.18001440828417
 24128 65536 22233.009 22385.12 22575.14 140.0879558664974 141.27711694196861 142.24368892217873 140.0879558664974 141.27711694196861 142.24368892217873
 26496 65536 24684.906 24699.211 24749.994 140.31856783480433 140.6070708898353 140.6885532397814 140.31856783480433 140.6070708898353 140.6885532397814
 29120 65536 26499.033 26916.981 27295.113 139.83516536458373 141.79958146123445 144.03607256159123 139.83516536458373 141.79958146123445 144.03607256159123
 32000 65536 29891.968 31682.968 34222.126 122.56117577265655 132.3835569950391 140.31541850974816 122.56117577265655 132.3835569950391 140.31541850974816
 35200 32768 15933.99 16169.071 16309.977 141.43902226226317 142.67159813943547 144.77649352108293 141.43902226226317 142.67159813943547 144.77649352108293
 38720 32768 17846.107 17867.088 27644.873 91.79112235386287 142.02392242093396 142.19089463040876 91.79112235386287 142.02392242093396 142.19089463040876
 42560 32768 19585.133 24222.851 29014.111 96.13295268636698 115.14797164049764 142.41476736461271 96.13295268636698 115.14797164049764 142.41476736461271
 46784 32768 21332.026 21647.215 29096.842 105.37350493225347 141.63652109520785 143.72925590846364 105.37350493225347 141.63652109520785 143.72925590846364
 51456 32768 23581.982 23586.988 24273.157 138.9279695261725 142.96952268767848 142.99987236017736 138.9279695261725 142.96952268767848 142.99987236017736
 56576 32768 25832.891 27761.936 39083.958 94.86666463002544 133.55569784470362 143.52883446146234 94.86666463002544 133.55569784470362 143.52883446146234
 62208 32768 28465.986 28595.924 29221.058 139.51799719229876 142.5679928370211 143.21876951671373 139.51799719229876 142.5679928370211 143.21876951671373
 68416 16384 15752.077 15845.06 21177.053 105.86248653200235 141.48608386462405 142.3212626499985 105.86248653200235 141.48608386462405 142.3212626499985
 75200 16384 17013.073 17179.012 17997.026 136.92004445623402 143.43977406849706 144.8388307038946 136.92004445623402 143.43977406849706 144.8388307038946
 82688 16384 18757.105 18846.989 19029.14 142.38795783729586 143.76409855176337 144.45301575056493 142.38795783729586 143.76409855176337 144.45301575056493
 90944 16384 20637.989 20677.09 20793.2 143.31863262989822 144.1234231702817 144.3964812656892 143.31863262989822 144.1234231702817 144.3964812656892
 100032 16384 22770.166 22773.981 34530.163 94.92710984306676 143.92953853786037 143.95365303880524 94.92710984306676 143.92953853786037 143.95365303880524
 110016 16384 24780.989 25071.144 25076.866 143.75816690969276 143.79097690954987 145.47459296317834 143.75816690969276 143.79097690954987 145.47459296317834
 120960 16384 27308.226 27649.879 27848.959 142.3255095459762 143.35025769913855 145.14371164205247 142.3255095459762 143.35025769913855 145.14371164205247
 133056 8192 15297.89 16259.909 22670.031 96.16173458254202 134.0714455413004 142.50262644063986 96.16173458254202 134.0714455413004 142.50262644063986
 146304 8192 16707.182 16736.984 20422.22 117.37434696129998 143.2184398336044 143.47391056133822 117.37434696129998 143.2184398336044 143.47391056133822
 160896 8192 18188.0 18639.088 38420.916 68.61158812559285 141.42966994951686 144.93732482955795 68.61158812559285 141.42966994951686 144.93732482955795
 176960 8192 20127.058 20335.197 20400.047 142.1228411875718 142.57607831387128 144.05049361908732 142.1228411875718 142.57607831387128 144.05049361908732
 194624 8192 21872.997 22098.064 22205.114 143.60293831411988 144.29859629332236 145.7833883486566 143.60293831411988 144.29859629332236 145.7833883486566
 214080 8192 24245.024 24287.939 24307.013 144.2993723663208 144.4126947123838 144.66831297011709 144.2993723663208 144.4126947123838 144.66831297011709
 235456 8192 26746.035 26839.018 26926.041 143.27063915560404 143.73518077300741 144.23487832869432 143.27063915560404 143.73518077300741 144.23487832869432
 258944 8192 29682.159 29904.127 31786.919 133.468062632934 141.87133755819056 142.93227443461913 133.468062632934 141.87133755819056 142.93227443461913
 284800 4096 16125.202 16227.961 21632.91 107.84871753268516 143.76923878483564 144.68541851444715 107.84871753268516 143.76923878483564 144.68541851444715
 313280 4096 17716.885 17903.09 18103.838 141.75943023794179 143.34898389049042 144.85558606944733 141.75943023794179 143.34898389049042 144.85558606944733
 344576 4096 19572.02 19769.907 19851.923 142.1910911099141 142.78097474105468 144.22459163642793 142.1910911099141 142.78097474105468 144.22459163642793
 379008 4096 21305.084 21378.04 22304.058 139.20487186681456 145.23471450142296 145.73204855704864 139.20487186681456 145.23471450142296 145.73204855704864
 416896 4096 23652.077 23668.051 23975.849 142.44384138388594 144.29629342948434 144.39374740746868 142.44384138388594 144.29629342948434 144.39374740746868
 458560 4096 26101.112 32097.101 35959.005 104.46683716637878 117.03622454875287 143.9219723665413 104.46683716637878 117.03622454875287 143.9219723665413
 504384 4096 28455.973 28930.902 37225.008 110.99833015482493 142.82007965047202 145.2037408104091 110.99833015482493 142.82007965047202 145.2037408104091
 554816 2048 15837.908 15841.961 19427.061 116.97736142384068 143.44981255792766 143.48652208359843 116.97736142384068 143.44981255792766 143.48652208359843
 610240 2048 17425.06 17571.926 20578.861 121.46168050797368 142.24639006560807 143.44530463596678 121.46168050797368 142.24639006560807 143.44530463596678
 671232 2048 19081.831 19273.996 24210.93 113.55888732898737 142.64640669220853 144.0829379528621 113.55888732898737 142.64640669220853 144.0829379528621
 738304 2048 20781.04 21148.205 22067.07 137.0409929365339 142.99526527192256 145.5217440513083 137.0409929365339 142.99526527192256 145.5217440513083
 812096 2048 22835.97 23296.118 24096.012 138.04546644482082 142.78538664682245 145.6625322243811 138.04546644482082 142.78538664682245 145.6625322243811
 893248 2048 25304.079 27635.098 33284.903 109.92202104359446 132.39481937064235 144.59106802504056 109.92202104359446 132.39481937064235 144.59106802504056
 982528 2048 27786.016 27838.945 30328.989 132.69267524875295 144.56132184606852 144.83669368073495 132.69267524875295 144.56132184606852 144.83669368073495
 1080768 1024 15398.026 15817.165 21726.131 101.87791208660205 139.93739484920337 143.7465337440007 101.87791208660205 139.93739484920337 143.7465337440007
 1188800 1024 17461.061 18079.042 26921.988 90.4339753810157 134.66766657215575 139.43381791060693 90.4339753810157 134.66766657215575 139.43381791060693
 1307648 1024 18857.002 21289.825 22026.062 121.58610576870254 125.79075234296195 142.01955878246181 121.58610576870254 125.79075234296195 142.01955878246181
 1438400 1024 20457.029 20509.958 21025.896 140.10547755016003 143.62989919335772 144.0015165447534 140.10547755016003 143.62989919335772 144.0015165447534
 1582208 1024 22521.973 22566.08 36276.102 89.32497719848732 143.59436747543214 143.87558248116184 89.32497719848732 143.59436747543214 143.87558248116184
 1740416 1024 27123.213 28013.945 33770.084 105.54821148801405 127.23563096879073 131.41407575864997 105.54821148801405 127.23563096879073 131.41407575864997
 1914432 1024 38474.083 43543.1 47215.939 83.03883855830973 90.04312361774885 101.90643753614609 83.03883855830973 90.04312361774885 101.90643753614609
 2105856 512 14970.064 15061.855 15195.847 141.90696602828393 143.16938677208088 144.04724949739696 141.90696602828393 143.16938677208088 144.04724949739696
 2316416 512 16484.022 16544.104 16585.112 143.02043808929355 143.37494396795378 143.89752598000658 143.02043808929355 143.37494396795378 143.89752598000658
 2548032 512 18101.931 18231.153 18333.912 142.31467719491616 143.1168268951503 144.13847716025433 142.31467719491616 143.1168268951503 144.13847716025433
 2802816 512 21183.014 22058.01 23404.121 122.63154783723773 130.11525445858445 135.4898591862329 122.63154783723773 130.11525445858445 135.4898591862329
 3083072 512 21894.932 21962.881 22171.021 142.39604608195538 143.74551899634662 144.19162059968946 142.39604608195538 143.74551899634662 144.19162059968946
 3391360 512 24085.999 24105.072 24254.084 143.18218078241998 144.0673000271478 144.18138271947947 143.18218078241998 144.0673000271478 144.18138271947947
 3730496 512 26628.971 30323.982 30673.981 124.5364240135638 125.97382177578129 143.45383094224707 124.5364240135638 125.97382177578129 143.45383094224707
 4103488 512 29182.911 29282.093 29523.134 142.3281048685414 143.49970516110304 143.98740797311137 142.3281048685414 143.49970516110304 143.98740797311137
 4513792 256 15995.026 17774.82 23281.097 99.26772368157738 130.01884148475202 144.48626116644013 99.26772368157738 130.01884148475202 144.48626116644013
 4965120 256 17729.998 17870.903 28463.125 89.31350440262621 142.25030710535447 143.3808080519806 89.31350440262621 142.25030710535447 143.3808080519806
 5461632 256 19712.925 26829.004 28398.991 98.46672313111405 104.2288257886875 141.853914829991 98.46672313111405 104.2288257886875 141.853914829991
 6007744 256 21389.961 21438.122 34877.062 88.19449665800404 143.4810814118886 143.80413914733177 88.19449665800404 143.4810814118886 143.80413914733177
 6608512 256 23478.031 30102.968 30814.171 109.80526277990735 112.39948645595345 144.11592454239457 109.80526277990735 112.39948645595345 144.11592454239457
 7269312 256 25936.127 32462.12 33352.852 111.59128892485715 114.65325567153347 143.5020635116415 111.59128892485715 114.65325567153347 143.5020635116415
 7996224 256 28527.021 29067.039 29140.949 140.49187924525037 140.8491139396758 143.5153950354648 140.49187924525037 140.8491139396758 143.5153950354648
 8795840 128 16287.088 23446.083 25614.023 87.91024510284853 96.03885817515872 138.2527705382325 87.91024510284853 96.03885817515872 138.2527705382325
 9675392 128 17766.953 21998.882 25334.12 97.76934632029848 112.59210136224195 139.41053100101067 97.76934632029848 112.59210136224195 139.41053100101067
 10642880 128 19000.053 19697.905 26880.98 101.3570665950423 138.31812469397127 143.39840420445145 101.3570665950423 138.31812469397127 143.39840420445145
 11707136 128 20959.854 21395.922 37765.026 79.35985046058224 140.07467479083164 142.98891662127036 79.35985046058224 140.07467479083164 142.98891662127036
 12877824 128 22922.039 31216.145 33607.006 98.09630003934298 105.60954736723576 143.8232848308128 98.09630003934298 105.60954736723576 143.8232848308128
 14165568 128 25325.06 30719.995 36053.181 100.58433978405401 118.04641921328438 143.19355642197885 100.58433978405401 118.04641921328438 143.19355642197885
 15582080 128 29336.929 31022.072 40520.906 98.44331911038711 128.5862685123031 135.97239438388388 98.44331911038711 128.5862685123031 135.97239438388388
 17140288 64 15414.953 15809.059 15861.034 138.32369718140697 138.7784601221363 142.32653605885142 138.32369718140697 138.7784601221363 142.32653605885142
 18854272 64 16790.152 22703.886 23108.959 104.43338516460217 106.29664084817902 143.73585277846203 104.43338516460217 106.29664084817902 143.73585277846203
 20739648 64 23451.09 27489.901 30530.93 86.95034655020335 96.56909801166617 113.20049277027208 86.95034655020335 96.56909801166617 113.20049277027208
 22813568 64 22472.143 24593.115 28256.893 103.34245537894063 118.73797621814072 129.94473664572178 103.34245537894063 118.73797621814072 129.94473664572178
 25094912 64 23036.957 23083.21 30761.957 104.41951843310879 139.15520137797125 139.43459355330657 104.41951843310879 139.15520137797125 139.43459355330657
 27604352 64 25160.789 32490.969 35022.02 100.88958478123193 108.74889745516668 140.4310912507553 100.88958478123193 108.74889745516668 140.4310912507553
 30364736 64 28386.116 28456.926 37021.875 104.98350523845698 136.5813794504719 136.92208571260682 104.98350523845698 136.5813794504719 136.92208571260682
 33401152 64 30541.182 33621.073 45107.841 94.78058273726735 127.16273082658608 139.98631277597573 94.78058273726735 127.16273082658608 139.98631277597573
 36741248 32 16849.995 18748.999 28773.069 81.72363789208582 125.41682209274212 139.55136912503534 81.72363789208582 125.41682209274212 139.55136912503534
 40415360 32 18440.008 18797.874 25229.931 102.52041672250311 137.59976473935296 140.27016908018695 102.52041672250311 137.59976473935296 140.27016908018695
 44456896 32 20092.01 24100.065 28738.022 99.00616486409538 118.05948838727198 141.6105876913261 99.00616486409538 118.05948838727198 141.6105876913261
 48902528 32 22354.126 25557.995 27437.925 114.06700003735706 122.45725034377696 140.00823794229308 114.06700003735706 122.45725034377696 140.00823794229308
 53792768 32 24669.886 24780.035 26140.928 131.6991176441785 138.93189222694804 139.55221163162247 131.6991176441785 138.93189222694804 139.55221163162247
 59172032 32 27323.008 27390.957 27935.028 135.56492758840264 138.25767562630253 138.60150566145572 135.56492758840264 138.25767562630253 138.60150566145572
 65089216 32 29778.004 29912.949 36549.091 113.97574358278844 139.26108803247718 139.89217759524783 113.97574358278844 139.26108803247718 139.89217759524783
 71598080 16 16442.06 16648.769 16826.868 136.15953723533102 137.61609401872292 139.34619871232678 136.15953723533102 137.61609401872292 139.34619871232678
 78757888 16 18095.016 18158.197 18521.07 136.07488206674884 138.7941994461234 139.27881666421297 136.07488206674884 138.7941994461234 139.27881666421297
 86633664 16 19619.942 19996.166 20033.836 138.3797515363508 138.64043977230432 141.29895225989966 138.3797515363508 138.64043977230432 141.29895225989966
 95297024 16 22100.925 22288.084 26508.093 115.04051868235108 136.82220364926837 137.98086586873626 115.04051868235108 136.82220364926837 137.98086586873626
 104826688 16 24177.074 24263.859 24684.906 135.8908968905938 138.24899064901425 138.74524336567777 135.8908968905938 138.24899064901425 138.74524336567777
 115309312 16 26192.188 26710.987 34867.048 105.82765664589671 138.1415813650016 140.87780616113477 105.82765664589671 138.1415813650016 140.87780616113477
 126840192 16 29135.942 29322.863 29767.036 136.35506551609637 138.42052680872257 139.3085606773929 136.35506551609637 138.42052680872257 139.3085606773929
 139524160 8 16359.091 16369.82 16436.1 135.82215732442614 136.37208961369154 136.46152833308406 135.82215732442614 136.37208961369154 136.46152833308406
 153476544 8 17829.18 17966.032 19742.966 124.3797261262568 136.68152789664407 137.73065861694144 124.3797261262568 136.68152789664407 137.73065861694144
 168824192 8 19551.039 25753.975 26553.869 101.72480221243843 104.8842779415605 138.16079401202157 101.72480221243843 104.8842779415605 138.16079401202157
 185706560 8 21443.129 21872.997 36247.969 81.97162605165548 135.84352249488262 138.56676234144746 81.97162605165548 135.84352249488262 138.56676234144746
 204277184 8 23434.162 23685.932 33257.008 98.27808153998699 137.99055675748795 139.47308822052182 98.27808153998699 137.99055675748795 139.47308822052182
 224704896 8 26507.854 29396.057 32420.158 110.89638539084233 122.30478176035649 135.63068274029274 110.89638539084233 122.30478176035649 135.63068274029274
 247175360 8 28593.779 29562.95 34840.107 113.51301992270001 133.7757483607015 138.3100065227475 113.51301992270001 133.7757483607015 138.3100065227475
 271892864 4 16047.955 16156.197 16203.88 134.2359306536459 134.63211125737078 135.54019262890506 134.2359306536459 134.63211125737078 135.54019262890506
 299082112 4 17256.975 17486.095 18419.027 129.90137296611815 136.8319739770372 138.64868529971218 129.90137296611815 136.8319739770372 138.64868529971218
 328990272 4 19071.102 19119.978 19588.947 134.35751171311045 137.65299186013706 138.00577313256466 134.35751171311045 137.65299186013706 138.00577313256466
 361889280 4 20730.972 20869.017 28372.049 102.04107006864396 138.72786820768798 139.65164006781737 102.04107006864396 138.72786820768798 139.65164006781737
 398078208 4 23247.957 23253.202 31075.001 102.48191670211048 136.9542854356144 136.98518385938172 102.48191670211048 136.9542854356144 136.98518385938172
 437886016 4 25100.946 25151.968 31946.898 109.65346707526972 139.27689984338403 139.56000415283154 109.65346707526972 139.27689984338403 139.56000415283154
 481674560 4 27812.958 28629.78 28903.961 133.31724603420273 134.593995483025 138.54680541350547 133.31724603420273 134.593995483025 138.54680541350547
 529841984 4 30817.032 30864.954 37261.963 113.75503410810644 137.33167630834637 137.54523381745526 113.75503410810644 137.33167630834637 137.54523381745526
 582826176 2 16918.898 16937.017 17049.074 136.74084023566323 137.64553132349104 137.79294041491352 136.74084023566323 137.64553132349104 137.79294041491352
 641108736 2 18487.93 18528.938 18700.123 137.13465649397065 138.40161503049987 138.70860307238289 137.13465649397065 138.40161503049987 138.70860307238289
 705219584 2 20349.979 21261.93 28029.919 100.63811943231087 132.6727317792881 138.61824309499286 100.63811943231087 132.6727317792881 138.61824309499286
 775741504 2 22595.167 26619.911 29163.122 106.40033724784335 116.56560444548444 137.32874893113203 106.40033724784335 116.56560444548444 137.32874893113203
 853315648 2 24845.839 24854.898 25395.155 134.40605469822887 137.32756384677177 137.37763462123377 134.40605469822887 137.32756384677177 137.37763462123377
 938647168 2 27247.19 27266.026 27386.904 137.0943087250753 137.70208654535867 137.797280086497 137.0943087250753 137.70208654535867 137.797280086497
 1032511872 2 29643.059 29900.789 29934.168 137.97101319134708 138.12503369058254 139.3259544502475 137.97101319134708 138.12503369058254 139.3259544502475
 1135763008 1 16458.035 23204.088 27409.077 82.8749547458311 97.89335465371447 138.01927241010245 82.8749547458311 97.89335465371447 138.01927241010245
 1249339264 1 18205.881 18356.085 26871.92 92.98474124662475 136.12262789151393 137.24568055783735 92.98474124662475 136.12262789151393 137.24568055783735
 1374273152 1 19739.866 20148.993 22771.12 120.70316716964295 136.41110024704463 139.23834660275807 120.70316716964295 136.41110024704463 139.23834660275807
 1511700416 1 21667.004 25079.966 35457.85 85.2674607174434 120.55043583392418 139.5394043403509 85.2674607174434 120.55043583392418 139.5394043403509
 1662870400 1 24301.052 24401.903 36344.051 91.50715752627576 136.29022293876017 136.85583652921693 91.50715752627576 136.29022293876017 136.85583652921693
 1829157440 1 26542.187 28882.98 39469.004 92.68829991250855 126.65988343308065 137.83019763970466 92.68829991250855 126.65988343308065 137.83019763970466
 2012073152 1 29876.947 36086.082 39821.863 101.05369264115042 111.5151903717339 134.69067987435264 101.05369264115042 111.5151903717339 134.69067987435264
 
META_DATA
 FLOPS          16
 OPENMP_THREADS 8
 ERT_VERSION  1.1.0
 HOSTNAME  Rezas-MacBook-Pro.local
 UNAME  uname_result(system='Darwin', node='Rezas-MacBook-Pro.local', release='21.6.0', version='Darwin Kernel Version 21.6.0: Wed Aug 10 14:28:23 PDT 2022; root:xnu-8020.141.5~2/RELEASE_ARM64_T6000', machine='arm64')
 TIMESTAMP_DATA  1705699321.889534
 CONFIG  {'ERT_RESULTS': ['Results.MyMacBookPro'], 'ERT_DRIVER': ['driver1'], 'ERT_KERNEL': ['kernel1'], 'ERT_MPI': ['False'], 'ERT_OPENMP': ['True'], 'ERT_OPENMP_CFLAGS': ['-Xpreprocessor', '-fopenmp', '-I/opt/homebrew/opt/libomp/include'], 'ERT_OPENMP_LDFLAGS': ['-L/opt/homebrew/opt/libomp/lib', '-lomp'], 'ERT_FLOPS': ['1,2,4,8,16'], 'ERT_ALIGN': ['32'], 'ERT_CC': ['clang'], 'ERT_CFLAGS': ['-O3', '-std=c++11', '-Xpreprocessor', '-fopenmp', '-I/opt/homebrew/opt/libomp/include'], 'ERT_LD': ['clang'], 'ERT_LDFLAGS': ['-L/opt/homebrew/opt/libomp/lib', '-lomp', '-lc++'], 'ERT_LDLIBS': [], 'ERT_PRECISION': ['FP64'], 'ERT_RUN': ['export', 'OMP_NUM_THREADS=ERT_OPENMP_THREADS;', './ERT_CODE'], 'ERT_PROCS_THREADS': ['1-10'], 'ERT_OPENMP_THREADS': ['1,2,4,8,10'], 'ERT_NUM_EXPERIMENTS': ['3'], 'ERT_MEMORY_MAX': ['2147483648', '#', 'Adjusted', 'to', '2GB,', 'consider', 'your', "system's", 'RAM'], 'ERT_WORKING_SET_MIN': ['1'], 'ERT_TRIALS_MIN': ['1'], 'ERT_GNUPLOT': ['gnuplot'], 'ERT_GPU': [False], 'ERT_HIP': [False], 'ERT_OCL': [False], 'ERT_SYCL': [False], 'ERT_WSS_MULT': [1.1]}
 TIMESTAMP_DATA  1705699340.413758
 TIMESTAMP_DATA  1705699359.115124
 