fp64
 64 33554432 237419.128 242167.95 246645.927 17.413493700222347 17.73549016705142 18.090232797081118 4.353373425055587 4.433872541762855 4.5225581992702795
 128 16777216 148105.145 148558.855 155933.142 27.543646212169573 28.910880445329227 28.999446953716568 6.885911553042393 7.227720111332307 7.249861738429142
 192 8388608 102295.876 102892.16 122480.869 26.29982542008254 31.306811636571723 31.489299451328808 6.574956355020635 7.826702909142931 7.872324862832202
 256 8388608 109882.116 115989.208 120938.063 35.513776138451966 37.02902511412959 39.08704575729139 8.878444034612992 9.257256278532397 9.771761439322848
 320 4194304 59856.176 59987.068 75304.031 35.64689066910641 44.74888754356189 44.84674330013999 8.911722667276603 11.187221885890473 11.211685825034998
 384 4194304 68881.989 70327.044 76287.031 42.225073249999724 45.80351012620409 46.76440850161861 10.556268312499931 11.450877531551022 11.691102125404653
 448 4194304 72999.954 73418.14 73581.219 51.07412509705771 51.18757277152486 51.48080482352085 12.768531274264427 12.796893192881216 12.870201205880212
 512 4194304 34137.964 36082.983 40326.118 106.50584556638951 119.03027241400747 125.81205182593784 26.626461391597378 29.757568103501868 31.45301295648446
 576 2097152 17324.924 17453.909 23161.888 104.30579337919258 138.41707917693392 139.44760184806583 26.076448344798145 34.60426979423348 34.86190046201646
 640 2097152 18322.945 19228.935 23966.074 112.0064370993764 139.5997521443595 146.5023531970434 28.0016092748441 34.89993803608988 36.62558829926085
 704 2097152 24840.117 26097.059 30044.794 98.27958933584299 113.14646665741145 118.87182399342161 24.569897333960746 28.286616664352863 29.717955998355404
 768 2097152 33256.054 33371.925 35364.151 91.08731245944517 96.52501232697843 96.86132551985875 22.771828114861293 24.131253081744607 24.215331379964688
 832 2097152 43356.895 47767.162 57980.061 60.187258650866205 73.05564705728175 80.4868736102989 15.046814662716551 18.263911764320437 20.121718402574725
 896 2097152 47678.947 48242.092 50019.979 75.1319064728116 77.90077561313053 78.8208763083631 18.7829766182029 19.475193903282634 19.705219077090774
 960 2097152 55421.114 59235.096 62350.035 64.57946398907393 67.97544212640425 72.65339054714778 16.144865997268482 16.99386053160106 18.163347636786945
 1024 2097152 19929.886 21404.028 23882.866 179.83466875374168 200.66163695917425 215.5038566703292 44.95866718843542 50.16540923979356 53.8759641675823
 1088 1048576 10091.066 12706.995 16586.781 137.56143377066354 179.562624837737 226.11103485003466 34.390358442665885 44.89065620943425 56.527758712508664
 1152 1048576 10150.909 15269.995 15930.176 151.6567741624449 158.21348363244385 238.00027209385877 37.91419354061122 39.55337090811096 59.50006802346469
 1216 1048576 11173.01 12789.011 16616.821 153.46719038497196 199.4006285552495 228.24080816181137 38.36679759624299 49.85015713881238 57.06020204045284
 1280 1048576 16884.089 17741.919 20423.174 131.4366983310234 151.30012486247963 158.98723111445338 32.85917458275585 37.82503121561991 39.746807778613345
 1408 1048576 24319.172 25068.045 25496.006 115.81382652639789 117.79099710408211 121.41819696821914 28.953456631599472 29.447749276020527 30.354549242054784
 1536 1048576 10370.97 10454.178 12185.097 264.35780297850727 308.1280490919516 310.6002111663615 66.08945074462682 77.0320122729879 77.65005279159037
 1664 1048576 10543.108 10604.858 10718.107 325.58556543613537 329.06248513652895 330.98977341406345 81.39639135903384 82.26562128413224 82.74744335351586
 1792 1048576 14941.931 14990.091 17596.006 213.57667097863003 250.7053749039949 251.51343450856518 53.39416774465751 62.67634372599873 62.878358627141296
 1920 1048576 19273.996 19412.994 19839.048 202.95993235159267 207.4142628385915 208.91006929751362 50.73998308789817 51.853565709647874 52.227517324378404
 2112 524288 6037.951 6072.044 6075.859 364.4904386359196 364.7194440619996 366.778814866169 91.1226096589799 91.1798610154999 91.69470371654225
 2304 524288 6304.026 6321.907 6518.841 370.6056190049734 382.1503707662893 383.23431787876507 92.65140475124335 95.53759269157233 95.80857946969127
 2496 524288 7668.972 7743.835 7754.087 337.53112339337946 337.97797809483285 341.27725280519996 84.38278084834486 84.49449452370821 85.31931320129999
 2688 524288 6708.145 6751.06 7182.121 392.4428853259364 417.5007018157148 420.1716402969822 98.1107213314841 104.3751754539287 105.04291007424555
 2944 524288 7339.954 7349.968 7440.09 414.91537656130504 420.00288218941904 420.5758978870985 103.72884414032626 105.00072054735476 105.14397447177463
 3200 524288 7467.031 7528.067 7704.02 435.5444560112772 445.724407075548 449.3677875450095 108.8861140028193 111.431101768887 112.34194688625237
 3520 524288 8046.865 8186.102 8366.108 441.1833459477214 450.8846237195676 458.68639774620306 110.29583648693036 112.7211559298919 114.67159943655076
 3840 524288 8970.022 9063.005 9071.112 443.8851421964584 444.28220441233344 448.8876214573386 110.9712855491146 111.07055110308336 112.22190536433465
 4224 262144 4805.088 4833.937 4890.919 452.7968081254259 458.13433480825256 460.8849020038759 113.19920203135648 114.53358370206314 115.22122550096897
 4608 262144 5113.84 5246.878 5352.974 451.32277944933037 460.44888102982384 472.4275894435492 112.83069486233259 115.11222025745596 118.1068973608873
 5056 262144 5944.014 5964.994 6049.871 438.15812403272736 444.3927568074671 445.9612860938753 109.53953100818184 111.09818920186677 111.49032152346882
 5504 262144 6210.089 6271.124 8894.92 324.4190113008324 460.1537383091134 464.67629562152814 81.1047528252081 115.03843457727835 116.16907390538204
 6016 262144 7006.884 7063.15 10318.041 305.6894819472029 446.55948238392216 450.14540100849393 76.42237048680073 111.63987059598054 112.53635025212348
 6592 262144 7230.997 7548.809 11399.031 303.1930078968993 457.8346724629011 477.9571193294645 75.79825197422483 114.45866811572527 119.48927983236612
 7232 262144 7750.034 8545.16 8968.115 422.79239461135364 443.7191130417687 489.24312022373067 105.69809865283841 110.92977826044218 122.31078005593267
 7936 262144 8820.057 8929.968 9168.148 453.8266144918254 465.93107254135737 471.7372651900095 113.45665362295635 116.48276813533934 117.93431629750238
 8704 131072 4779.1 4870.176 4916.906 464.0522670150701 468.5049115268113 477.43327739532543 116.01306675376752 117.12622788170283 119.35831934883136
 9536 131072 5254.984 5301.952 5328.894 469.10394239405025 471.487705660104 475.70176883507156 117.27598559851256 117.871926415026 118.92544220876789
 10432 131072 5603.075 5815.983 9552.956 286.26596919320053 470.2018915804946 488.0688207814459 71.56649229830013 117.55047289512365 122.01720519536147
 11456 131072 6240.129 6287.098 6476.879 463.66802035363025 477.66420437537323 481.25954832023507 115.91700508840756 119.41605109384331 120.31488708005877
 12544 131072 6765.842 7001.877 8589.983 382.8103426980007 469.6361184293869 486.0199714980043 95.70258567450017 117.40902960734672 121.50499287450107
 13760 131072 7375.002 7469.177 7539.988 478.3961778188507 482.9315786732595 489.0983677021376 119.59904445471267 120.73289466831487 122.2745919255344
 15104 131072 8244.991 8246.899 8370.876 472.9998360983963 480.1105210576727 480.2216249841874 118.24995902459908 120.02763026441818 120.05540624604684
 16576 65536 4345.179 4572.868 4658.937 466.3401698713676 475.1174693868267 500.0138019630491 116.5850424678419 118.77936734670668 125.00345049076228
 18176 65536 4993.916 5145.073 5146.027 462.952229360631 463.0380700137782 477.0534129929298 115.73805734015775 115.75951750344456 119.26335324823245
 19968 65536 5565.882 5601.168 6525.04 401.1079925946814 467.2678441353661 470.23018023019534 100.27699814867034 116.81696103384152 117.55754505754884
 21952 65536 5954.981 5970.001 9289.98 309.7199933691999 481.9584693536902 483.1740930827487 77.42999834229998 120.48961733842255 120.79352327068717
 24128 65536 6504.059 6556.988 6628.036 477.1406214450253 482.31066093151304 486.23562855133997 119.28515536125633 120.57766523287826 121.55890713783499
 26496 65536 7407.188 7472.038 9002.924 385.75064190256404 464.7840002955017 468.8531885514449 96.43766047564101 116.19600007387542 117.21329713786122
 29120 65536 7767.2 7889.986 7956.028 479.7389652223446 483.7545516557317 491.4018745493871 119.93474130558614 120.93863791393292 122.85046863734678
 32000 65536 8540.869 8579.969 8597.851 487.8316686344064 488.84838628204835 491.086328569142 121.9579171586016 122.21209657051209 122.7715821422855
 35200 32768 4763.126 4841.089 4842.043 476.42435228270386 476.5182379419177 484.31790383038367 119.10608807067597 119.12955948547942 121.07947595759592
 38720 32768 5329.132 5435.944 5445.957 465.9518832043661 466.810165814806 476.16646012896666 116.48797080109152 116.7025414537015 119.04161503224167
 42560 32768 5786.896 5906.105 8583.069 324.9667642191855 472.25915556868705 481.9876078643888 81.24169105479638 118.06478889217176 120.4969019660972
 46784 32768 6325.96 6396.055 8532.047 359.3552900025046 479.36364274541097 484.6752467609659 89.83882250062615 119.84091068635274 121.16881169024147
 51456 32768 6860.018 7189.989 7445.097 452.94512831733425 469.0160744334936 491.57603026697603 113.23628207933356 117.2540186083734 122.89400756674401
 56576 32768 7520.914 7565.975 7637.024 485.49863611794336 490.0577567332697 492.99390153909485 121.37465902948584 122.51443918331742 123.24847538477371
 62208 32768 8667.946 8679.152 14198.065 287.1421907140163 469.7306243743628 470.337896428981 71.78554767850407 117.4326560935907 117.58447410724526
 68416 16384 4730.94 4816.055 6222.01 360.31049259001514 465.49623872650955 473.8710463459694 90.07762314750379 116.37405968162739 118.46776158649234
 75200 16384 5129.099 9058.952 9243.965 266.568901980914 272.0130982038541 480.4262113092378 66.6422254952285 68.00327455096352 120.10655282730944
 82688 16384 5633.116 8987.904 12295.961 220.3585701028167 301.46298669856736 480.9985066879504 55.08964252570418 75.36574667464184 120.2496266719876
 90944 16384 6377.935 10030.985 11986.017 248.62746248399282 297.0847820029638 467.2441773081726 62.156865620998204 74.27119550074094 116.81104432704315
 100032 16384 7547.855 8279.8 10792.017 303.729004133333 395.88499432353444 434.2755095321784 75.93225103333324 98.97124858088361 108.5688773830446
 110016 16384 7522.106 10657.787 12560.844 287.0033485011039 338.2507351666908 479.2546512904764 71.75083712527598 84.5626837916727 119.8136628226191
 120960 16384 8261.919 8469.105 14330.864 276.5790869273479 468.00899032424326 479.745356980624 69.14477173183697 117.00224758106081 119.936339245156
 133056 8192 4533.052 4691.124 6629.944 328.8096406244155 464.7051546708209 480.909882348581 82.20241015610388 116.17628866770522 120.22747058714525
 146304 8192 5131.96 5139.112 7740.021 309.6948620682037 466.43169792757965 467.0817262800178 77.42371551705092 116.60792448189491 116.77043157000445
 160896 8192 5402.803 5590.916 8652.925 304.6507468861686 471.5005669911692 487.91711709644045 76.16268672154214 117.8751417477923 121.97927927411011
 176960 8192 5901.098 6086.111 8985.043 322.68211070330995 476.38182083764167 491.31748701682307 80.67052767582749 119.09545520941042 122.82937175420577
 194624 8192 6589.89 6742.001 11812.925 269.93480581651033 472.9633852027017 483.88055278616184 67.48370145412758 118.24084630067543 120.97013819654046
 214080 8192 7356.167 8323.193 8610.01 407.37312964793307 421.4111964002277 476.8090120846903 101.84328241198327 105.35279910005693 119.20225302117258
 235456 8192 8175.135 8185.148 14745.951 261.61155045205294 471.3062126671381 471.88347397321263 65.40288761301323 117.82655316678452 117.97086849330316
 258944 8192 8666.039 16353.13 16465.187 257.66719175433593 259.4328117002678 489.55912799376966 64.41679793858398 64.85820292506695 122.38978199844242
 284800 4096 4786.015 8174.181 8689.165 268.5046952152479 285.42083910302455 487.47895691927414 67.12617380381198 71.35520977575614 121.86973922981853
 313280 4096 5371.094 8373.976 8442.879 303.9709274525905 306.472070137292 477.81508943987944 75.99273186314763 76.618017534323 119.45377235996986
 344576 4096 5785.942 5847.216 6624.937 426.08202794985067 482.7539451253382 487.8663823453467 106.52050698746267 120.68848628133455 121.96659558633668
 379008 4096 6438.971 6458.998 9167.91 338.6631779762236 480.6989468025846 482.19405491964477 84.6657944940559 120.17473670064615 120.54851372991119
 416896 4096 6964.922 7180.929 11516.094 296.5599301290872 475.5947360014282 490.34462008332616 74.1399825322718 118.89868400035705 122.58615502083154
 458560 4096 7682.085 7741.928 11151.075 336.87545998928357 485.2180903774874 488.9979113743209 84.21886499732089 121.30452259437185 122.24947784358022
 504384 4096 8661.985 9991.169 12620.211 327.4044885620375 413.5565846198778 477.01695719860976 81.85112214050937 103.38914615496945 119.25423929965244
 554816 2048 4533.052 4811.049 6482.84 350.5448747771038 472.35568292902434 501.3236856757875 87.63621869427595 118.08892073225608 125.33092141894687
 610240 2048 5149.126 5151.987 5178.928 482.63714807388703 485.1609757555677 485.4305449118937 120.65928701847176 121.29024393889192 121.35763622797343
 671232 2048 5636.93 5690.813 5808.83 473.30809681123395 483.12363664031835 487.74178001146015 118.32702420280849 120.78090916007959 121.93544500286504
 738304 2048 6283.998 6286.144 6653.786 454.4921017898682 481.07284592907826 481.23713343002333 113.62302544746704 120.26821148226956 120.30928335750583
 812096 2048 6782.055 6872.892 6923.914 480.413999365099 483.98042861724 490.4627308389566 120.10349984127475 120.99510715431 122.61568270973915
 893248 2048 7467.031 7524.014 8903.027 410.95503899965706 486.27551836027953 489.9864227160702 102.73875974991427 121.56887959006988 122.49660567901755
 982528 2048 8134.842 8147.001 8303.881 484.64503381009445 493.97743881460184 494.71577788480715 121.16125845252361 123.49435970365046 123.67894447120179
 1080768 1024 4658.937 4698.992 4754.066 465.58311643128224 471.0399302658953 475.0896747476946 116.39577910782056 117.75998256647382 118.77241868692364
 1188800 1024 5066.872 5083.084 5162.954 471.56383729159705 478.973473584147 480.50600054629365 117.89095932289926 119.74336839603674 120.12650013657341
 1307648 1024 5581.856 5599.022 5624.056 476.1800209670743 478.3090875513617 479.78004162056493 119.04500524176858 119.57727188784042 119.94501040514123
 1438400 1024 6043.911 6102.085 7730.961 381.0448920903882 482.76010576712713 487.40678014616697 95.26122302259705 120.69002644178178 121.85169503654174
 1582208 1024 6582.022 6758.928 9036.064 358.60325734744686 479.41951504735664 492.30494580540756 89.65081433686171 119.85487876183916 123.07623645135189
 1740416 1024 7251.978 7327.08 7370.949 483.5702930518174 486.4655453468504 491.5034171366764 120.89257326295434 121.6163863367126 122.8758542841691
 1914432 1024 8225.918 8277.893 15132.904 259.0881919293217 473.64187191112524 476.63455142635746 64.77204798233042 118.41046797778131 119.15863785658937
 2105856 512 4451.99 4611.969 5554.914 388.1962068179634 467.56527288019504 484.36688851502373 97.04905170449085 116.89131822004876 121.09172212875593
 2316416 512 4871.13 4981.041 6451.13 367.68906904681813 476.2076810851386 486.9527161048873 91.92226726170453 119.05192027128464 121.73817902622183
 2548032 512 5376.101 5470.037 5510.092 473.5283490729375 476.9958170301224 485.33031057266226 118.38208726823437 119.2489542575306 121.33257764316556
 2802816 512 5962.133 5977.869 6010.056 477.5468954033041 480.1181799065855 481.3853672838228 119.38672385082603 120.02954497664638 120.3463418209557
 3083072 512 6460.19 7116.079 10298.014 306.57034725336365 443.65242825437997 488.69549161866763 76.64258681334091 110.91310706359499 122.17387290466691
 3391360 512 7142.067 7297.993 12125.015 286.4122345415655 475.8503659841822 486.2391573755889 71.60305863539138 118.96259149604555 121.55978934389722
 3730496 512 7769.108 7835.865 11507.988 331.9457670619747 487.50557902669334 491.69452966801333 82.98644176549368 121.87639475667333 122.92363241700333
 4103488 512 8533.001 8855.104 16289.949 257.9487334183796 474.52539371643746 492.4377381415987 64.4871833545949 118.63134842910937 123.10943453539967
 4513792 256 4733.086 4854.918 4856.11 475.9079806676538 476.02482760779895 488.2779446644325 118.97699516691345 119.00620690194974 122.06948616610812
 4965120 256 5400.181 5712.032 6682.873 380.39649114983933 445.05027983036507 470.7511544520452 95.09912278745983 111.26256995759127 117.6877886130113
 5461632 256 5795.956 5868.196 6006.002 465.59351528687466 476.52729799754474 482.4666688290939 116.39837882171867 119.13182449938618 120.61666720727348
 6007744 256 6247.997 6396.055 10456.8 294.1592961517864 480.9159596032241 492.31216468253746 73.5398240379466 120.22898990080603 123.07804117063436
 6608512 256 7182.121 7215.023 7293.94 463.8862047124051 468.96013276742156 471.1084850840023 115.97155117810128 117.24003319185539 117.77712127100058
 7269312 256 7655.859 7823.944 8772.135 424.28527878332926 475.7048036131137 486.14894083080685 106.07131969583232 118.92620090327843 121.53723520770171
 7996224 256 8348.942 8635.998 8661.032 472.6996376413342 474.0698976539828 490.3695208326995 118.17490941033356 118.5174744134957 122.59238020817487
 8795840 128 4631.996 4815.102 6690.979 336.53297073567256 467.6401538326706 486.1262919916165 84.13324268391814 116.91003845816765 121.53157299790412
 9675392 128 5117.893 5157.948 5480.051 451.9849088995704 480.2104154597913 483.96876448960535 112.9962272248926 120.05260386494783 120.99219112240134
 10642880 128 5573.034 5620.956 5681.038 479.59145494186106 484.71777398720076 488.8858169535661 119.89786373546526 121.17944349680019 122.22145423839153
 11707136 128 6162.882 6290.913 6373.167 470.2570662278267 476.4057007305617 486.3028070308664 117.56426655695668 119.10142518264043 121.5757017577166
 12877824 128 6715.059 6759.882 12701.035 259.56333039000367 487.6894217975995 490.9447473209096 64.89083259750092 121.92235544939987 122.7361868302274
 14165568 128 7411.957 7459.164 7553.101 480.11874963673864 486.165126279567 489.2615280957512 120.02968740918466 121.54128156989175 122.3153820239378
 15582080 128 8285.046 8338.928 8486.032 470.0680459371353 478.360345598379 481.471373846325 117.51701148428383 119.59008639959475 120.36784346158124
 17140288 64 4528.999 4697.8 4738.808 462.9765257423386 467.01793690663715 484.4242323745269 115.74413143558465 116.75448422665929 121.10605809363173
 18854272 64 5086.184 5162.001 5238.056 460.7332980021596 467.52157080171037 474.49066254779603 115.1833245005399 116.88039270042759 118.62266563694901
 20739648 64 5867.004 5909.92 6142.139 432.2069142362294 449.18965806643746 452.4753935739604 108.05172855905735 112.29741451660936 113.1188483934901
 22813568 64 6700.993 6707.907 6883.144 424.2446045005015 435.32754762402044 435.77671309311916 106.06115112512538 108.83188690600511 108.94417827327979
 25094912 64 8175.135 9562.969 9921.074 323.77026277598577 335.8945047296504 392.91690424684117 80.94256569399644 83.9736261824126 98.22922606171029
 27604352 64 10190.964 11412.144 12019.873 293.9595997395313 309.6137812491675 346.7147029466496 73.48989993488283 77.40344531229188 86.6786757366624
 30364736 64 12790.918 13208.866 13270.14 292.8896159347226 294.24828808165665 303.8629602660263 73.22240398368065 73.56207202041416 75.96574006650657
 33401152 64 15691.042 16116.858 16329.05 261.82462886695805 265.2717704654344 272.47058901505716 65.45615721673951 66.3179426163586 68.11764725376429
 36741248 32 9216.07 9602.785 9743.929 241.3235843569878 244.87061534752678 255.14561760056074 60.33089608924695 61.217653836881695 63.786404400140185
 40415360 32 10982.99 11178.97 13579.13 190.48223560714123 231.37937037133116 235.50809387971762 47.62055890178531 57.84484259283279 58.877023469929405
 44456896 32 12182.951 12319.088 12562.037 226.4952207989835 230.96201147357664 233.54287019622754 56.623805199745874 57.74050286839416 58.385717549056885
 48902528 32 13502.121 13926.983 14029.98 223.0767108720041 224.72647464278515 231.7977888066623 55.769177718001025 56.18161866069629 57.94944720166558
 53792768 32 15359.163 15374.899 16931.057 203.33858376355357 223.91933449449002 224.14874768892028 50.83464594088839 55.979833623622504 56.03718692223007
 59172032 32 18455.029 18847.942 19328.117 195.93269473689548 200.92432627392424 205.20206432620617 48.98317368422387 50.23108156848106 51.30051608155154
 65089216 32 22558.928 23015.976 23140.907 180.0149762496345 180.99209974845303 184.6590327341796 45.00374406240862 45.24802493711326 46.1647581835449
 71598080 16 12547.016 13520.956 13669.014 167.61549589458318 169.45092935736199 182.60425905251097 41.903873973645794 42.362732339340496 45.65106476312774
 78757888 16 14373.064 14778.137 14935.97 168.7371102111212 170.53925105715285 175.34552243001215 42.1842775527803 42.63481276428821 43.83638060750304
 86633664 16 16261.101 16380.072 16968.012 163.38256054981576 169.2469512954522 170.4852117946995 40.84564013745394 42.31173782386305 42.621302948674874
 95297024 16 18316.031 19027.948 20864.01 146.1610097004363 160.2645102877094 166.4937544602321 36.540252425109074 40.06612757192735 41.62343861505803
 104826688 16 19713.163 19928.932 20974.874 159.92725467623785 168.32081197326582 170.1631552480949 39.98181366905946 42.080202993316455 42.54078881202373
 115309312 16 21977.901 22212.029 22332.191 165.22776399324187 166.12160843117934 167.89128242956411 41.306940998310466 41.530402107794835 41.97282060739103
 126840192 16 24103.88 24344.921 24885.178 163.10456545659426 166.72414521287624 168.39140188218659 40.776141364148565 41.68103630321906 42.097850470546646
 139524160 8 13401.985 13475.895 14533.043 153.6076484463715 165.6577585384867 166.57133700716724 38.40191211159288 41.41443963462167 41.64283425179181
 153476544 8 14816.999 14850.855 14967.918 164.05920342428385 165.35241263886826 165.7302334973499 41.01480085607096 41.338103159717065 41.432558374337475
 168824192 8 16093.016 16875.029 17292.976 156.20140061490864 160.070069924028 167.84840529581282 39.05035015372716 40.017517481007 41.962101323953206
 185706560 8 18437.862 18513.918 18860.817 157.53850747822855 160.49033813372188 161.15235920520502 39.38462686955714 40.12258453343047 40.288089801301254
 204277184 8 19459.963 20246.983 20291.805 161.07167124856562 161.4282455810824 167.9568940598705 40.267917812141405 40.3570613952706 41.98922351496763
 224704896 8 21537.066 22279.978 23393.869 153.68464002256317 161.36812774231643 166.9344531887491 38.42116000564079 40.34203193557911 41.733613297187276
 247175360 8 23813.009 24199.963 24660.11 160.37259201195778 163.42197547987988 166.07753182304683 40.093148002989444 40.85549386996997 41.51938295576171
 271892864 4 13118.029 14501.095 14899.015 145.9923969470465 149.99852852491486 165.8132416081715 36.498099236761625 37.499632131228715 41.453310402042874
 299082112 4 14386.892 14471.054 14648.914 163.33339768395118 165.34088643439517 166.30811547066594 40.833349420987794 41.33522160859879 41.577028867666485
 328990272 4 15685.081 15868.187 15989.065 164.6076350305662 165.86155532449925 167.7978058258035 41.15190875764155 41.46538883112481 41.94945145645087
 361889280 4 17384.052 17614.841 17903.09 161.71031034307484 164.35653549186165 166.5385170269854 40.42757758576871 41.08913387296541 41.63462925674635
 398078208 4 18948.078 19208.193 19356.966 164.52091014676577 165.7951720914091 168.0711713346335 41.13022753669144 41.44879302285228 42.017792833658376
 437886016 4 20859.003 21142.006 21397.114 163.71778586588826 165.69327092235238 167.94130227604836 40.929446466472065 41.423317730588096 41.98532556901209
 481674560 4 22955.179 23057.938 23252.01 165.72315597662308 167.11799988359758 167.86610463808626 41.43078899415577 41.779499970899394 41.966526159521564
 529841984 4 25123.119 25309.086 25822.878 164.14653207903473 167.47882053109308 168.71853657979332 41.03663301975868 41.86970513277327 42.17963414494833
 582826176 2 13947.01 13971.806 14456.034 161.26862346892653 166.8577923283504 167.15444414250794 40.317155867231634 41.7144480820876 41.788611035626985
 641108736 2 15285.015 15388.012 15455.961 165.9188285995287 166.65147804667683 167.77444732635198 41.479707149882174 41.66286951166921 41.943611831587994
 705219584 2 16808.033 16829.014 17024.994 165.69041586740062 167.61994113261775 167.82917644200245 41.422603966850154 41.90498528315444 41.95729411050061
 775741504 2 18445.015 18600.941 18934.011 163.88318439236147 166.81769035233216 168.2278933359501 40.97079609809037 41.70442258808304 42.05697333398753
 853315648 2 20526.171 20581.007 20682.812 165.0289424861571 165.84526656057207 166.28832489020968 41.25723562153927 41.46131664014302 41.57208122255242
 938647168 2 22520.065 22540.092 23049.116 162.89512673718158 166.5737953509684 166.72192873333182 40.723781684295396 41.6434488377421 41.680482183332956
 1032511872 2 24385.929 24579.048 24779.797 166.66994842613116 168.03122269015464 169.36190899268178 41.66748710653279 42.00780567253866 42.340477248170444
 1135763008 1 13458.967 13632.059 13755.083 165.14084400653925 166.631175525282 168.7741723417555 41.28521100163481 41.6577938813205 42.193543085438876
 1249339264 1 14980.078 14981.985 15151.024 164.9181288340643 166.7788699561507 166.80010130788372 41.229532208516076 41.69471748903767 41.70002532697093
 1374273152 1 16528.845 16533.852 23015.976 119.41906369732052 166.23750496859415 166.28786246104914 29.85476592433013 41.55937624214854 41.571965615262286
 1511700416 1 17910.957 18141.985 19799.232 152.70293474009497 166.65215145972175 168.80174699766184 38.175733685023744 41.66303786493044 42.20043674941546
 1662870400 1 19713.163 20577.908 20652.056 161.03678975110273 161.6170506739558 168.70660482034265 40.25919743777568 40.40426266848895 42.17665120508566
 1829157440 1 22028.923 22114.992 22442.102 163.0112402127038 165.42239219439915 166.06871248312956 40.75281005317595 41.35559804859979 41.51717812078239
 2012073152 1 23813.009 25188.923 26088.953 154.24713686287066 159.7585694314918 168.98940843637192 38.561784215717665 39.93964235787295 42.24735210909298
 
META_DATA
 FLOPS          4
 OPENMP_THREADS 8
 ERT_VERSION  1.1.0
 HOSTNAME  Rezas-MacBook-Pro.local
 UNAME  uname_result(system='Darwin', node='Rezas-MacBook-Pro.local', release='21.6.0', version='Darwin Kernel Version 21.6.0: Wed Aug 10 14:28:23 PDT 2022; root:xnu-8020.141.5~2/RELEASE_ARM64_T6000', machine='arm64')
 TIMESTAMP_DATA  1705698057.2880828
 CONFIG  {'ERT_RESULTS': ['Results.MyMacBookPro'], 'ERT_DRIVER': ['driver1'], 'ERT_KERNEL': ['kernel1'], 'ERT_MPI': ['False'], 'ERT_OPENMP': ['True'], 'ERT_OPENMP_CFLAGS': ['-Xpreprocessor', '-fopenmp', '-I/opt/homebrew/opt/libomp/include'], 'ERT_OPENMP_LDFLAGS': ['-L/opt/homebrew/opt/libomp/lib', '-lomp'], 'ERT_FLOPS': ['1,2,4,8,16'], 'ERT_ALIGN': ['32'], 'ERT_CC': ['clang'], 'ERT_CFLAGS': ['-O3', '-std=c++11', '-Xpreprocessor', '-fopenmp', '-I/opt/homebrew/opt/libomp/include'], 'ERT_LD': ['clang'], 'ERT_LDFLAGS': ['-L/opt/homebrew/opt/libomp/lib', '-lomp', '-lc++'], 'ERT_LDLIBS': [], 'ERT_PRECISION': ['FP64'], 'ERT_RUN': ['export', 'OMP_NUM_THREADS=ERT_OPENMP_THREADS;', './ERT_CODE'], 'ERT_PROCS_THREADS': ['1-10'], 'ERT_OPENMP_THREADS': ['1,2,4,8,10'], 'ERT_NUM_EXPERIMENTS': ['3'], 'ERT_MEMORY_MAX': ['2147483648', '#', 'Adjusted', 'to', '2GB,', 'consider', 'your', "system's", 'RAM'], 'ERT_WORKING_SET_MIN': ['1'], 'ERT_TRIALS_MIN': ['1'], 'ERT_GNUPLOT': ['gnuplot'], 'ERT_GPU': [False], 'ERT_HIP': [False], 'ERT_OCL': [False], 'ERT_SYCL': [False], 'ERT_WSS_MULT': [1.1]}
 TIMESTAMP_DATA  1705698067.648691
 TIMESTAMP_DATA  1705698077.483637
 