fp64
 64 33554432 202085.972 218385.935 226608.038 18.95328750871582 19.66686772204446 21.25316890377725 2.3691609385894776 2.4583584652555577 2.6566461129721564
 128 16777216 100257.874 125465.87 134990.931 31.816709938832854 34.23215649004785 42.83920179675863 3.977088742354107 4.279019561255981 5.354900224594829
 192 8388608 57309.866 59813.976 70322.99 45.80615062015992 53.85406032864292 56.207171588919785 5.72576882751999 6.731757541080365 7.025896448614973
 256 8388608 78670.025 85651.159 106567.86 40.30265124963568 50.144882406086296 54.59471121307004 5.03783140620446 6.268110300760787 6.824338901633755
 320 4194304 58459.044 61208.963 64836.979 41.40159830704018 43.85557977840598 45.918550429938605 5.175199788380023 5.481947472300748 5.739818803742326
 384 4194304 49718.857 62449.932 70096.97 45.95384753435135 51.580928414781944 64.78880783602888 5.744230941793918 6.447616051847743 8.09860097950361
 448 4194304 55377.007 56317.091 86328.03 43.53274810047212 66.7310103783592 67.86384074531149 5.441593512559015 8.3413762972949 8.482980093163937
 512 4194304 20231.962 20452.976 20550.013 209.00070943994052 209.99229139074924 212.2862476708883 26.125088679992565 26.249036423843656 26.535780958861036
 576 2097152 10192.156 13235.092 19927.025 121.23832353299099 182.53889765178812 237.0371002955606 15.154790441623874 22.817362206473515 29.629637536945076
 640 2097152 14863.968 20441.055 22451.878 119.56035748991687 131.32172287584962 180.5947483202332 14.945044686239608 16.415215359481202 22.57434354002915
 704 2097152 18093.109 20170.927 29254.913 100.93313270150554 146.38841417650264 163.19970304716563 12.616641587688193 18.29855177206283 20.399962880895703
 768 2097152 23314.953 26780.128 27874.947 115.55987790757055 120.28417011300319 138.1613538744856 14.444984738446319 15.035521264125398 17.2701692343107
 832 2097152 24384.022 29690.027 34001.112 102.63372939096816 117.5364686599982 143.11260578751117 12.82921617387102 14.692058582499776 17.889075723438896
 896 2097152 28702.974 30045.033 34111.023 110.17249127943185 125.08211869828867 130.9305573701178 13.771561409928982 15.635264837286083 16.366319671264726
 960 2097152 31726.122 34277.916 42459.965 94.83125669086162 117.46722992144562 126.91534880941325 11.853907086357703 14.683403740180703 15.864418601176656
 1024 2097152 16975.88 19075.155 21106.958 203.4858503058565 225.16028289154139 253.00410323352898 25.435731288232063 28.145035361442673 31.625512904191122
 1088 1048576 7008.791 7686.138 12276.888 185.8533999821453 296.8592778323782 325.5484970232384 23.231674997768163 37.107409729047276 40.6935621279048
 1152 1048576 7362.127 8729.935 13447.046 179.66169700021848 276.7396439950584 328.1550432368254 22.45771212502731 34.5924554993823 41.019380404603176
 1216 1048576 8085.966 8321.047 14634.848 174.25099543227233 306.4682643902865 315.3781294652983 21.78137442903404 38.30853304878581 39.422266183162286
 1280 1048576 11286.02 12310.028 14078.856 190.66567340414593 218.06242520325705 237.84775855438852 23.833209175518242 27.25780315040713 29.730969819298565
 1408 1048576 14383.078 14616.966 21637.917 136.46369084417876 202.01114348901132 205.29611366913258 17.057961355522345 25.251392936126415 25.662014208641573
 1536 1048576 8624.077 9039.879 9649.992 333.8060251241659 356.33502085592073 373.51538860332533 41.72575314052074 44.54187760699009 46.68942357541567
 1664 1048576 8716.106 10756.016 11028.051 316.43496461886156 324.4380566187332 400.36926214527455 39.554370577357695 40.55475707734165 50.04615776815932
 1792 1048576 9629.011 10056.019 10234.118 367.2125320423313 373.7161180781381 390.28892832296066 45.90156650529141 46.71451475976726 48.78611604037008
 1920 1048576 11753.082 12006.998 14124.155 285.0812554804163 335.34875578391865 342.5936992526726 35.63515693505204 41.91859447298983 42.824212406584074
 2112 524288 5378.008 5396.843 5644.083 392.3741929379848 410.3496269948931 411.78676416993056 49.0467741172481 51.293703374361634 51.47334552124132
 2304 524288 5274.057 5615.95 8420.229 286.91845601823894 430.1888556700113 458.0760321703008 35.86480700227987 53.773606958751415 57.2595040212876
 2496 524288 6121.159 9325.981 10313.034 253.78038082682554 280.64025607600956 427.5735520021617 31.722547603353192 35.080032009501195 53.44669400027021
 2688 524288 5630.97 8639.097 9606.123 293.41413679587487 326.25774290993604 500.54826930351254 36.67676709948436 40.782217863742005 62.56853366293907
 2944 524288 4456.043 7517.099 7667.065 402.63226462799 410.6647716093669 692.7688408751891 50.32903307849875 51.33309645117086 86.59610510939864
 3200 524288 3942.966 5147.934 5938.053 565.074646521343 651.8038498551069 850.9947080446547 70.63433081516787 81.47548123188837 106.37433850558183
 3520 524288 4399.061 4482.985 5156.04 715.8570375714696 823.3325607826035 839.0398587334888 89.4821296964337 102.91657009782544 104.8799823416861
 3840 524288 7858.038 8313.179 12243.032 328.88355106806875 484.3552436438575 512.4093113319126 41.110443883508594 60.544405455482185 64.05116391648907
 4224 262144 4126.072 4614.83 5196.095 426.2032376236385 479.88604390627603 536.731426887364 53.27540470295481 59.985755488284504 67.0914283609205
 4608 262144 3149.986 5192.995 8197.069 294.7296288466036 465.2265415237257 766.9618544336387 36.84120360582545 58.15331769046571 95.87023180420483
 5056 262144 2874.136 5048.99 7442.951 356.14907689167916 525.0159196195675 922.294605404894 44.518634611459895 65.62698995244594 115.28682567561175
 5504 262144 3064.871 5162.001 5532.98 521.5419452085495 559.023749123644 941.53429361301 65.19274315106868 69.8779686404555 117.69178670162626
 6016 262144 4800.081 6525.993 6904.84 456.7979284096373 483.3159655549737 657.0965381625851 57.09974105120466 60.41449569437171 82.13706727032314
 6592 262144 6483.793 7850.885 8460.999 408.47499166469584 440.21871368641877 533.0377598421171 51.05937395808698 55.027339210802346 66.62971998026464
 7232 262144 5923.033 6359.1 6825.924 555.478029934116 596.2558877828624 640.1535861778923 69.4347537417645 74.5319859728578 80.01919827223654
 7936 262144 4477.024 5202.055 7620.096 546.0232480010751 799.8280617948099 929.356100838414 68.25290600013439 99.97850772435123 116.16951260480175
 8704 131072 2841.949 3464.937 3684.044 619.3469393959464 658.5116485523403 802.8649972254956 77.4183674244933 82.31395606904253 100.35812465318695
 9536 131072 2545.118 3533.125 3937.006 634.9508189725899 707.5337509994694 982.196182652435 79.36885237157374 88.44171887493367 122.77452283155438
 10432 131072 2835.989 4441.977 4559.04 599.8381694391801 615.6461881725187 964.2795539757029 74.97977117989751 76.95577352156484 120.53494424696287
 11456 131072 2740.145 3403.902 4925.966 609.6513179343909 882.2585562099026 1095.971805871587 76.20641474179887 110.28231952623783 136.9964757339484
 12544 131072 3231.049 3699.064 4425.049 743.1181747365961 888.9638935687516 1017.7296401261633 92.88977184207451 111.12048669609395 127.21620501577041
 13760 131072 3324.032 4999.876 6184.101 583.2863079047384 721.4381796668557 1085.1584581616542 72.9107884880923 90.17977245835696 135.64480727020677
 15104 131072 3838.062 5217.075 5877.972 673.6035789214376 758.9354141928188 1031.6203792434828 84.2004473651797 94.86692677410235 128.95254740543535
 16576 65536 1924.038 3354.073 3909.111 555.7911944685121 647.7645155606333 1129.2133897563351 69.47389930856401 80.97056444507916 141.1516737195419
 18176 65536 2447.844 4034.996 4215.002 565.2108046449324 590.4255349943346 973.2502038528598 70.65135058061655 73.80319187429183 121.65627548160748
 19968 65536 2347.946 3177.881 3823.042 684.5976832062007 823.582033436746 1114.6958643852968 85.57471040077509 102.94775417959325 139.3369830481621
 21952 65536 2838.85 3744.125 4230.976 680.0540924836255 768.4819668146763 1013.5415904327456 85.00676156045319 96.06024585183454 126.6926988040932
 24128 65536 3535.032 3623.009 4801.035 658.7132182956384 872.894661868077 894.6185539480265 82.3391522869548 109.11183273350963 111.82731924350331
 26496 65536 3260.136 6105.9 6118.059 567.6446912329548 568.7750719795607 1065.2573119648996 70.95558640411934 71.09688399744509 133.15716399561245
 29120 65536 3710.985 5569.935 6662.846 572.8507967916413 685.2533539439867 1028.5184769003376 71.60634959895516 85.65666924299833 128.5648096125422
 32000 65536 6597.996 7017.136 7252.932 578.2908208707871 597.7230596642277 635.6936257615191 72.28635260884839 74.71538245802846 79.46170322018989
 35200 32768 2046.824 3753.901 6536.961 352.89597107891575 614.5253164641263 1127.0471716180775 44.11199638486447 76.81566455801578 140.8808964522597
 38720 32768 3012.896 3564.119 4094.124 619.8038750169756 711.9722770199312 842.2308370418361 77.47548437712194 88.9965346274914 105.27885463022952
 42560 32768 2752.066 4003.048 5905.867 472.2781870976776 696.7720996600591 1013.4975542010985 59.0347733872097 87.09651245750739 126.68719427513732
 46784 32768 2981.901 4453.897 4825.115 635.4327770426197 688.394056710337 1028.215297556827 79.42909713032746 86.04925708879213 128.52691219460337
 51456 32768 3337.145 5294.085 19047.022 177.04712138201972 636.9788955031889 1010.5106059221281 22.130890172752466 79.62236193789862 126.31382574026601
 56576 32768 3671.885 4620.075 6003.141 617.6374561250519 802.5334515132331 1009.7714759585335 77.20468201563149 100.31668143915414 126.22143449481669
 62208 32768 3926.992 7137.06 7441.044 547.8886414325732 571.2244941194273 1038.164449532874 68.48608017907165 71.40306176492841 129.77055619160924
 68416 16384 3058.91 4358.053 4765.987 470.38640432716244 514.4167562900222 732.8935758162222 58.798300540895305 64.30209453625278 91.61169697702778
 75200 16384 4557.133 4707.098 18537.998 132.92447221107693 523.4974075321993 540.7245300938112 16.615559026384616 65.43717594152491 67.5905662617264
 82688 16384 2456.903 4711.151 5730.152 472.8531431626945 575.1291741657187 1102.8194373160031 59.10664289533681 71.89114677071484 137.8524296645004
 90944 16384 2695.084 3485.918 8718.967 341.7896858653095 854.8832737889991 1105.7365900283628 42.723710733163685 106.86040922362488 138.21707375354535
 100032 16384 6193.876 6843.09 7498.026 437.161537716727 479.00123716040554 529.2079751031503 54.64519221459088 59.87515464505069 66.15099688789378
 110016 16384 3879.07 6356.001 6834.984 527.4341956030913 567.181202142668 929.3475724851575 65.92927445038642 70.8976502678335 116.16844656064468
 120960 16384 5279.779 6169.081 7403.851 535.3453601375825 642.49720177122 750.7165129449546 66.91817001719781 80.3121502214025 93.83956411811933
 133056 8192 2192.02 3556.013 5958.08 365.88792094097425 613.0431761638666 994.5116851123621 45.73599011762178 76.63039702048333 124.31396063904526
 146304 8192 2155.066 4069.09 5287.886 453.30870143569655 589.086192735968 1112.2836776228664 56.66358767946207 73.635774091996 139.0354597028583
 160896 8192 3427.029 4048.109 6736.04 391.3456665934288 651.1978961040821 769.214402329248 48.9182083241786 81.39973701301027 96.151800291156
 176960 8192 2605.915 3690.958 6021.023 481.53156697790394 785.5176460962167 1112.5891059378378 60.19144587223799 98.18970576202709 139.07363824222972
 194624 8192 4627.943 4851.818 5589.962 570.4367249723701 657.2216055919658 689.0144532895068 71.30459062154627 82.15270069899573 86.12680666118835
 214080 8192 3260.136 4031.897 5635.977 622.3387213964855 869.9346039841793 1075.8712888051298 77.79234017456069 108.74182549802241 134.48391110064122
 235456 8192 3654.957 4925.013 6677.151 577.748070097561 783.2895271545476 1055.473731701905 72.21850876219513 97.91119089431845 131.93421646273814
 258944 8192 6095.886 7009.983 7205.963 588.7538551058338 605.2138066525981 695.9674928304105 73.59423188822923 75.65172583157477 86.99593660380131
 284800 4096 2094.984 3909.111 21080.971 110.67239739573665 596.8317604693241 1113.6512737090115 13.834049674467082 74.60397005866551 139.20640921362644
 313280 4096 2480.03 3607.035 4858.971 528.1755663904971 711.495663335676 1034.8220626363388 66.02194579881214 88.9369579169595 129.35275782954236
 344576 4096 2506.971 4268.885 5743.98 491.4304353427415 661.2421257541489 1125.9669904438463 61.428804417842684 82.65526571926861 140.74587380548078
 379008 4096 2699.137 5895.853 5935.192 523.1226784238826 526.6131187463459 1150.3060185533375 65.39033480298532 65.82663984329324 143.78825231916719
 416896 4096 3222.227 5161.047 7863.998 434.28444819034803 661.7285275642714 1059.8918176776497 54.285556023793504 82.71606594553393 132.4864772097062
 458560 4096 3488.064 5284.071 6587.029 570.2910249825832 710.9146565214586 1076.9651932992056 71.2863781228229 88.86433206518232 134.6206491624007
 504384 4096 3759.146 6494.999 10592.222 390.0894191983514 636.1684933284824 1099.1628758233917 48.76117739979392 79.5210616660603 137.39535947792396
 554816 2048 2307.892 3915.071 4187.107 542.7437932682399 580.4559702748685 984.6762049523982 67.84297415852998 72.55699628435856 123.08452561904977
 610240 2048 2200.127 7744.789 9461.88 264.16980980523954 322.73868791002565 1136.0903438756034 33.02122622565494 40.342335988753206 142.01129298445042
 671232 2048 2702.951 4848.003 6749.868 407.3214871757492 567.1131540141374 1017.1720730416497 50.91518589696865 70.88914425176718 127.14650913020621
 738304 2048 2670.05 4044.056 6687.88 452.17515625280356 747.7871681302138 1132.5979603378212 56.521894531600445 93.47339601627672 141.57474504222765
 812096 2048 3190.994 4966.021 6279.945 529.6774439903535 669.8210128390516 1042.416631306734 66.20968049879419 83.72762660488145 130.30207891334175
 893248 2048 5034.924 5539.894 6332.159 577.803527675158 660.435706531569 726.673095363505 72.22544095939475 82.55446331644613 90.83413692043813
 982528 2048 3834.009 5621.91 6792.784 592.4573323691731 715.8482949744838 1049.667511995929 74.05716654614663 89.48103687181047 131.20843899949114
 1080768 1024 2594.948 5107.88 13906.002 159.16960633257494 433.3329804145751 852.9700263743243 19.896200791571868 54.16662255182189 106.62125329679054
 1188800 1024 3351.927 4821.062 5639.076 431.7484637554096 505.0054116707066 726.3470833344521 53.9685579694262 63.12567645883833 90.79338541680652
 1307648 1024 3420.83 5254.03 6555.08 408.54773763249267 509.715990201807 782.8693925158514 51.068467204061584 63.71449877522588 97.85867406448142
 1438400 1024 3817.797 5544.901 6953.955 423.6212630078855 531.270657492352 771.60812898119 52.952657875985686 66.408832186544 96.45101612264875
 1582208 1024 4280.09 5640.03 21687.031 149.41473473247677 574.529210660227 757.0780016308069 18.676841841559597 71.81615133252838 94.63475020385086
 1740416 1024 4585.981 6970.882 9777.069 364.56446896304 511.3229528200306 777.2321708267 45.57055862038 63.915369102503824 97.1540213533375
 1914432 1024 4923.105 5606.89 10228.157 383.32973731240145 699.2747737159102 796.3991700359834 47.91621716405018 87.40934671448878 99.54989625449792
 2105856 512 2792.12 4874.945 4914.999 438.73794155400645 442.34274314889717 772.3151383178374 54.84224269425081 55.292842893612146 96.53939228972968
 2316416 512 2990.961 3314.018 4576.206 518.3354910159202 715.7504829484933 793.0594828886101 64.79193637699002 89.46881036856166 99.13243536107626
 2548032 512 3404.856 3571.987 5435.944 479.9874259190307 730.457520702063 766.3128097047276 59.99842823987884 91.30719008775787 95.78910121309094
 2802816 512 3725.052 4544.973 6216.049 461.7215186045026 631.485288031414 770.4814816007938 57.715189825562824 78.93566100392675 96.31018520009923
 3083072 512 4202.127 5028.963 10257.006 307.7960301475889 627.7766863665531 751.3018354752247 38.47450376844861 78.47208579581914 93.91272943440309
 3391360 512 4501.104 4771.948 8138.895 426.68601081596455 727.7431858016893 771.5335259971774 53.33575135199557 90.96789822521116 96.44169074964718
 3730496 512 5525.827 5847.216 14703.035 259.8122023106114 653.307130094048 691.3042887517107 32.47652528882642 81.663391261756 86.41303609396384
 4103488 512 5287.17 5743.98 9314.06 451.14286487310585 731.5435833690229 794.7487430894032 56.39285810913823 91.44294792112787 99.3435928861754
 4513792 256 3121.138 3167.868 6123.066 377.43534105299534 729.5321345460102 740.4547648966499 47.17941763162442 91.19151681825127 92.55684561208123
 4965120 256 3180.981 3400.087 4731.894 537.2355002035125 747.6695272797431 799.1690110692267 67.15443752543906 93.45869090996788 99.89612638365334
 5461632 256 3540.993 3814.936 7502.079 372.7440865392113 733.0019649084545 789.7094357430246 46.593010817401414 91.62524561355681 98.71367946787808
 6007744 256 4802.942 6150.961 9964.943 308.67862746430166 500.07875647398834 640.433494304116 38.58482843303771 62.50984455924854 80.0541867880145
 6608512 256 4330.873 4671.097 8626.938 392.20846886809665 724.3604969025478 781.2646882048955 49.02605860851208 90.54506211281847 97.65808602561194
 7269312 256 4745.96 4992.008 8940.935 416.2750030058378 745.5692667159187 784.2223162437103 52.034375375729724 93.19615833948984 98.02778953046379
 7996224 256 5172.968 5919.218 8004.189 511.4905067833855 691.6566830280622 791.4347600835729 63.93631334792319 86.45708537850777 98.92934501044661
 8795840 128 2789.021 3450.155 7063.866 318.76808535156243 652.6475013441424 807.3567893536836 39.846010668945304 81.5809376680178 100.91959866921044
 9675392 128 3310.204 4184.961 7473.946 331.40463578409583 591.8574514792372 748.2621469855029 41.42557947301198 73.98218143490465 93.53276837318786
 10642880 128 3363.848 3589.869 19850.016 137.25819062312092 758.9628702328691 809.9584999084382 17.157273827890116 94.87035877910864 101.24481248855477
 11707136 128 4467.01 6583.929 8077.86 371.01742491204357 455.20339238166144 670.9245817672223 46.377178114005446 56.90042404770768 83.86557272090279
 12877824 128 4298.21 6259.918 9906.054 332.7988060634436 526.6399566256299 766.9990400655156 41.59985075793045 65.82999457820374 95.87488000818945
 14165568 128 4430.056 7968.903 9778.023 370.8710245414641 455.0670786179729 818.5868097378453 46.358878067683015 56.883384827246616 102.32335121723067
 15582080 128 7375.002 7545.948 12097.836 329.7294226835279 528.6297334675511 540.8829014554843 41.21617783544099 66.07871668344389 67.61036268193554
 17140288 64 4868.984 4943.848 7395.029 296.67995406103205 443.77514519054796 450.59849529183083 37.084994257629006 55.471893148818495 56.324811911478854
 18854272 64 3174.067 4761.934 5983.114 403.3596578637813 506.7997196097216 760.3326634251891 50.41995723297266 63.3499649512152 95.04158292814864
 20739648 64 4217.148 7683.992 8907.08 298.0409903133238 345.4812217399497 629.4953233796869 37.255123789165474 43.185152717493715 78.68691542246086
 22813568 64 5454.063 6053.925 8169.889 357.4267292982806 482.3542914720615 535.4057523721306 44.67834116228507 60.29428643400769 66.92571904651632
 25094912 64 7215.977 7334.948 10035.992 320.06290319880685 437.92385931025007 445.1439820276589 40.007862899850856 54.74048241378126 55.642997753457365
 27604352 64 9308.815 9412.05 12057.066 293.0528087015531 375.4078076508306 379.57108998298924 36.631601087694136 46.925975956353824 47.446386247873654
 30364736 64 11477.947 11523.962 13149.023 295.58745223884694 337.2699604528373 338.62207309373355 36.94843152985587 42.158745056604666 42.32775913671669
 33401152 64 13371.944 14050.007 14525.89 294.32602449832683 304.29504099179456 319.7251989688261 36.790753062290854 38.03688012397432 39.96564987110326
 36741248 32 8051.872 8327.007 10687.828 220.0110136502945 282.3871616776592 292.0364198536688 27.501376706286813 35.2983952097074 36.5045524817086
 40415360 32 11023.998 11906.862 12408.018 208.4606131293491 217.23465342925786 234.63203095646423 26.057576641168637 27.154331678657233 29.32900386955803
 44456896 32 12236.118 13933.897 17328.024 164.1988344429809 204.1956635677729 232.52810605455096 20.524854305372614 25.524457945971612 29.06601325681887
 48902528 32 14697.075 17088.89 34873.009 89.74739724925946 183.14599672652818 212.9513384125753 11.218424656157433 22.893249590816023 26.618917301571912
 53792768 32 15920.877 18785.954 24356.842 141.345793186161 183.26123613418832 216.24042142904565 17.668224148270124 22.90765451677354 27.030052678630707
 59172032 32 18609.047 21649.837 22139.788 171.04996886149044 174.92094965888197 203.50370698725195 21.381246107686305 21.865118707360246 25.437963373406493
 65089216 32 21541.119 25636.911 38943.052 106.9692694861204 162.48875786946408 193.38409597013046 13.37115868576505 20.31109473368301 24.173011996266307
 71598080 16 13017.178 13459.921 15463.114 148.16799255311705 170.21931703759628 176.0088523027034 18.52099906913963 21.277414629699535 22.001106537837924
 78757888 16 14304.876 15460.014 23727.894 106.21475365660349 163.01747307602696 176.18135354686052 13.276844207075436 20.37718413450337 22.022669193357565
 86633664 16 17529.964 18414.021 18563.986 149.33631430232708 150.55251908314867 158.14506224884434 18.667039287790885 18.819064885393583 19.768132781105543
 95297024 16 18514.156 19556.046 19654.989 155.15169039270384 155.93667390637148 164.7120596801712 19.39396129908798 19.492084238296435 20.5890074600214
 104826688 16 19884.825 21615.028 23918.867 140.24301468794488 155.19082445787257 168.69416834193913 17.53037683599311 19.39885305723407 21.08677104274239
 115309312 16 23385.048 28007.03 41883.945 88.09814796576588 131.74899244939576 157.78877101299943 11.012268495720734 16.46862405617447 19.72359637662493
 126840192 16 25645.018 27287.006 28460.979 142.6123164631828 148.74794779610482 158.2719163620786 17.82653955789785 18.593493474513103 19.783989545259825
 139524160 8 15760.183 17395.02 21829.128 102.26641027529823 128.3348084681708 141.6472486391814 12.783301284412278 16.04185105852135 17.705906079897677
 153476544 8 16163.111 16864.061 17334.938 141.65754178065131 145.6128926478622 151.9277262898213 17.707192722581414 18.201611580982775 18.99096578622766
 168824192 8 18752.813 20833.015 23416.996 115.35156225845537 129.65896064491866 144.04170041049312 14.418945282306922 16.207370080614833 18.00521255131164
 185706560 8 20632.982 21577.12 27572.87 107.76190363933823 137.7062814685185 144.00753899751376 13.470237954917279 17.213285183564814 18.00094237468922
 204277184 8 22182.941 22683.859 25032.997 130.56506753865708 144.08637189994877 147.3400188009336 16.320633442332134 18.010796487493597 18.4175023501167
 224704896 8 23545.98 23922.92 24584.055 146.244317139707 150.28593231929884 152.6918113410442 18.280539642463374 18.785741539912355 19.086476417630525
 247175360 8 26529.074 26860.952 30405.045 130.07070898924835 147.23252399989397 149.07439890287915 16.258838623656043 18.404065499986746 18.634299862859894
 271892864 4 14415.979 15264.034 15419.96 141.06021753623227 142.50118363205954 150.88416208153467 17.632527192029034 17.812647954007442 18.860520260191834
 299082112 4 15797.138 18754.005 26870.012 89.04562067184787 127.58111646019077 151.4614163654201 11.130702583980984 15.947639557523846 18.93267704567751
 328990272 4 17588.854 19288.063 21205.902 124.11271993994879 136.45342075044033 149.6357963969682 15.514089992493599 17.05667759380504 18.704474549621025
 361889280 4 19545.078 19748.211 19907.951 145.42502339894244 146.60134226842118 148.1249775518931 18.178127924867805 18.325167783552647 18.515622193986637
 398078208 4 21535.873 24549.007 25106.192 126.84622438958485 129.72523344834272 147.8753920957836 15.855778048698106 16.21565418104284 18.48442401197295
 437886016 4 24456.978 24554.968 24623.156 142.26803940161042 142.66311110647752 143.23470904704578 17.783504925201303 17.83288888830969 17.904338630880723
 481674560 4 27812.004 29554.129 37158.012 103.70297743592955 130.38436964256329 138.55155780935453 12.962872179491194 16.29804620532041 17.318944726169317
 529841984 4 29093.981 30529.022 32909.87 128.7983171006145 138.84283197804373 145.69116106867602 16.099789637576812 17.355353997255467 18.211395133584503
 582826176 2 15450.954 15834.093 17928.123 130.0361841560324 147.23323299919988 150.88419161690598 16.25452301950405 18.404154124899986 18.860523952113248
 641108736 2 16189.098 17281.055 18532.991 138.3713478304716 148.39573995916336 158.40505406786716 17.29641847880895 18.54946749489542 19.800631758483394
 705219584 2 19032.001 19873.857 22924.9 123.04866481424126 141.93914829919527 148.21764332610113 15.381083101780158 17.74239353739941 18.52720541576264
 775741504 2 19429.922 21884.918 22322.893 139.0037579806524 141.78559024073107 159.70038459238282 17.37546974758155 17.723198780091383 19.962548074047852
 853315648 2 22142.887 23491.859 23873.091 142.97531023527705 145.2955507693112 154.14713501450828 17.87191377940963 18.1619438461639 19.268391876813535
 938647168 2 23352.146 24794.102 28156.996 133.34478834318833 151.43071816031087 160.78131200447274 16.66809854289854 18.92883977003886 20.097664000559092
 1032511872 2 27116.06 27948.141 28100.967 146.97172122226254 147.7753918588002 152.31001436049337 18.371465152782818 18.471923982350024 19.03875179506167
 1135763008 1 14249.086 14750.957 15900.85 142.8556345101048 153.99177260160138 159.41555942605723 17.8569543137631 19.248971575200173 19.926944928257154
 1249339264 1 16613.96 16711.95 17335.176 144.13920735503348 149.51448083556977 150.3963250182377 18.017400919379185 18.68931010444622 18.79954062727971
 1374273152 1 18014.908 18271.208 18683.195 147.1132910618339 150.43046436776376 152.5706544823876 18.389161382729238 18.80380804597047 19.07133181029845
 1511700416 1 18893.957 20380.974 20809.174 145.2917271968604 148.34427598995023 160.0194618840299 18.16146589960755 18.54303449874378 20.00243273550374
 1662870400 1 21456.003 22610.903 22646.189 146.85653290273257 147.0857134719476 155.0028120335367 18.35706661284157 18.38571418399345 19.37535150419209
 1829157440 1 23614.168 25739.908 28002.024 130.64465911464114 142.1261832015872 154.92033765491968 16.330582389330143 17.7657729001984 19.36504220686496
 2012073152 1 26118.04 29971.123 42948.961 93.69601057403926 134.26745150657186 154.0753557311345 11.712001321754908 16.783431438321482 19.25941946639181
 
META_DATA
 FLOPS          2
 OPENMP_THREADS 8
 ERT_VERSION  1.1.0
 HOSTNAME  Rezas-MacBook-Pro.local
 UNAME  uname_result(system='Darwin', node='Rezas-MacBook-Pro.local', release='21.6.0', version='Darwin Kernel Version 21.6.0: Wed Aug 10 14:28:23 PDT 2022; root:xnu-8020.141.5~2/RELEASE_ARM64_T6000', machine='arm64')
 TIMESTAMP_DATA  1705697735.476641
 CONFIG  {'ERT_RESULTS': ['Results.MyMacBookPro'], 'ERT_DRIVER': ['driver1'], 'ERT_KERNEL': ['kernel1'], 'ERT_MPI': ['False'], 'ERT_OPENMP': ['True'], 'ERT_OPENMP_CFLAGS': ['-Xpreprocessor', '-fopenmp', '-I/opt/homebrew/opt/libomp/include'], 'ERT_OPENMP_LDFLAGS': ['-L/opt/homebrew/opt/libomp/lib', '-lomp'], 'ERT_FLOPS': ['1,2,4,8,16'], 'ERT_ALIGN': ['32'], 'ERT_CC': ['clang'], 'ERT_CFLAGS': ['-O3', '-std=c++11', '-Xpreprocessor', '-fopenmp', '-I/opt/homebrew/opt/libomp/include'], 'ERT_LD': ['clang'], 'ERT_LDFLAGS': ['-L/opt/homebrew/opt/libomp/lib', '-lomp', '-lc++'], 'ERT_LDLIBS': [], 'ERT_PRECISION': ['FP64'], 'ERT_RUN': ['export', 'OMP_NUM_THREADS=ERT_OPENMP_THREADS;', './ERT_CODE'], 'ERT_PROCS_THREADS': ['1-10'], 'ERT_OPENMP_THREADS': ['1,2,4,8,10'], 'ERT_NUM_EXPERIMENTS': ['3'], 'ERT_MEMORY_MAX': ['2147483648', '#', 'Adjusted', 'to', '2GB,', 'consider', 'your', "system's", 'RAM'], 'ERT_WORKING_SET_MIN': ['1'], 'ERT_TRIALS_MIN': ['1'], 'ERT_GNUPLOT': ['gnuplot'], 'ERT_GPU': [False], 'ERT_HIP': [False], 'ERT_OCL': [False], 'ERT_SYCL': [False], 'ERT_WSS_MULT': [1.1]}
 TIMESTAMP_DATA  1705697746.507369
 TIMESTAMP_DATA  1705697755.849341
 