fp64
 8 268435456 1805652.857 1821857.929 1832710.981 2.343504971884053 2.357465545273042 2.3786229337215286 0.5858762429710133 0.5893663863182605 0.5946557334303821
 16 134217728 1096543.074 1101644.993 1117479.801 3.843440652937583 3.8986854415812697 3.9168249728054008 0.9608601632343957 0.9746713603953174 0.9792062432013502
 24 67108864 672388.792 687083.006 693920.851 4.642064678353353 4.688262471739841 4.790718569859802 1.1605161695883381 1.1720656179349602 1.1976796424649505
 32 67108864 796875.0 814248.085 823031.902 5.218470007739749 5.274764994995352 5.389762881254902 1.3046175019349373 1.318691248748838 1.3474407203137255
 40 33554432 450986.862 462368.011 484008.789 5.5460863955509705 5.805666690034056 5.952179068134361 1.3865215988877426 1.451416672508514 1.4880447670335903
 48 33554432 517318.964 527795.076 533952.951 6.032788967580779 6.1031745434472375 6.226768582177861 1.5081972418951948 1.5257936358618094 1.5566921455444653
 56 33554432 542673.111 554052.114 614886.999 6.111848827690046 6.7829294195238825 6.925156798491163 1.5279622069225114 1.6957323548809706 1.7312891996227908
 64 33554432 258219.004 260633.945 268255.949 16.010706610648175 16.47892524513643 16.633041059983334 4.002676652662044 4.119731311284108 4.158260264995834
 72 16777216 128123.045 130793.095 132177.114 18.27789267663992 18.47130465105975 18.856241701092884 4.56947316915998 4.6178261627649375 4.714060425273221
 80 16777216 139961.958 140919.209 143409.014 18.718171788002113 19.048890346808577 19.179172672048498 4.679542947000528 4.762222586702144 4.7947931680121245
 88 16777216 186071.873 188943.148 189226.866 15.604496752591144 15.627928544939879 15.86908310424757 3.901124188147786 3.9069821362349697 3.9672707760618926
 96 16777216 252659.798 256356.001 261915.922 12.298700466174791 12.565438138504899 12.749260062338845 3.074675116543698 3.1413595346262246 3.187315015584711
 104 16777216 320024.014 324822.903 326479.197 10.688769636982414 10.74327239788261 10.904372095026593 2.6721924092456035 2.6858180994706524 2.7260930237566483
 112 16777216 360337.973 368693.829 373991.013 10.04862751608419 10.193000501779485 10.429365389142598 2.5121568790210476 2.5482501254448713 2.6073413472856495
 120 16777216 412010.908 418948.889 423773.05 9.501623191942008 9.611033578847847 9.772876789951395 2.375405797985502 2.4027583947119617 2.4432191974878488
 128 16777216 147103.071 149471.045 150919.914 28.45858563105198 28.734443490376343 29.196992739872847 7.114646407762995 7.183610872594086 7.299248184968212
 136 8388608 73303.938 73905.945 74702.978 30.543646814187245 30.87304243251338 31.126586623490816 7.635911703546811 7.718260608128345 7.781646655872704
 144 8388608 73313.951 73899.984 74215.174 32.55289954585298 32.69174055572191 32.953061062007144 8.138224886463245 8.172935138930477 8.238265265501786
 152 8388608 82413.912 83070.993 84455.967 30.194868670439828 30.69828275677408 30.943038257909667 7.548717167609957 7.67457068919352 7.735759564477417
 160 8388608 126714.945 127404.928 129469.872 20.733430245455096 21.069471975212764 21.184198596306064 5.183357561363774 5.267367993803191 5.296049649076516
 176 8388608 186037.064 187330.008 189834.833 15.554521629863364 15.762504083168565 15.872052334689606 3.888630407465841 3.9406260207921413 3.9680130836724015
 192 8388608 76855.898 77091.932 77141.047 41.75760632338837 41.784209948195354 41.91253444205414 10.439401580847093 10.446052487048838 10.478133610513535
 208 8388608 78217.03 79296.112 82675.934 42.208908435192285 44.007970125950195 44.61510399972999 10.552227108798071 11.001992531487549 11.153775999932497
 224 8388608 109343.052 111366.987 111750.841 33.62924475888284 33.74515630920319 34.369777642570284 8.40731118972071 8.436289077300797 8.592444410642571
 240 8388608 146394.014 146840.811 148334.98 27.14485713349609 27.421067839239868 27.504757400804653 6.786214283374022 6.855266959809967 6.876189350201163
 264 4194304 44058.8 44633.865 44987.202 49.227167139667856 49.61686629647691 50.264476381562815 12.306791784916964 12.404216574119227 12.566119095390704
 288 4194304 46249.866 47002.077 53840.16 44.872063976035726 51.40026267349845 52.23624007905234 11.218015994008931 12.850065668374613 13.059060019763084
 312 4194304 57313.919 57476.997 58325.052 44.873439564185894 45.535533041157315 45.66509744343254 11.218359891046473 11.383883260289329 11.416274360858136
 336 4194304 49861.193 50014.973 50897.121 55.37783341419252 56.35456982052155 56.52837644698955 13.84445835354813 14.088642455130387 14.132094111747387
 368 4194304 54800.987 55413.961 56320.906 54.811045546745994 55.70812279598638 56.331243523040925 13.702761386686499 13.927030698996594 14.082810880760231
 400 4194304 55135.965 55150.032 68180.084 49.214418685667795 60.84208981057345 60.8576126308844 12.303604671416949 15.210522452643362 15.2144031577211
 440 4194304 60280.085 60502.052 61364.889 60.148198426627964 61.005989020008776 61.23062898799828 15.037049606656991 15.251497255002194 15.30765724699957
 480 4194304 66780.09 67026.138 67189.217 59.92824473605637 60.074054095135224 60.29539403136473 14.982061184014093 15.018513523783806 15.073848507841182
 528 2097152 34255.028 34300.804 34671.068 63.8743667198253 64.56386596652371 64.65014455688082 15.968591679956324 16.140966491630927 16.162536139220204
 576 2097152 38312.912 38524.866 38886.07 62.12813750528145 62.71064262754346 63.05756931240309 15.532034376320363 15.677660656885864 15.764392328100772
 632 2097152 43340.921 43412.924 43987.036 60.26321318854038 61.06016097879056 61.16160124977501 15.065803297135094 15.26504024469764 15.290400312443753
 688 2097152 45359.135 45706.034 47029.972 61.358342973285204 63.13567158331874 63.61852253134898 15.339585743321301 15.783917895829685 15.904630632837245
 752 2097152 50483.942 51213.98 51743.984 60.95619942986995 61.58702385559567 62.47762126024151 15.239049857467487 15.396755963898917 15.619405315060378
 824 2097152 53664.923 53939.819 54235.22 63.724393410776244 64.07337955657582 64.40159237720326 15.931098352694061 16.018344889143954 16.100398094300814
 904 2097152 58285.952 58341.98 59779.167 63.42762882594199 64.99009488536385 65.05256731501959 15.856907206485497 16.24752372134096 16.263141828754897
 992 2097152 65579.891 66143.036 66242.933 62.81046716334254 62.90533092554144 63.44550905093758 15.702616790835634 15.72633273138536 15.861377262734395
 1088 1048576 35305.977 36262.035 36619.186 62.30890484567297 62.922595932633115 64.62649018323441 15.577226211418242 15.730648983158279 16.156622545808602
 1192 1048576 38393.021 38992.882 39042.95 64.02705697187328 64.10926958412564 65.11092690517894 16.00676424296832 16.02731739603141 16.277731726294736
 1304 1048576 41553.974 41645.05 42428.97 64.45327822004634 65.66653679128731 65.8104615457477 16.113319555011586 16.41663419782183 16.452615386436925
 1432 1048576 45698.166 46060.085 46489.954 64.59721736872443 65.20008949180185 65.71645925571718 16.149304342181107 16.300022372950462 16.429114813929296
 1568 1048576 50355.911 50618.172 50892.83 64.61291965882032 64.96351420987705 65.3018537585389 16.15322991470508 16.240878552469262 16.325463439634724
 1720 1048576 55022.955 55628.061 56979.895 63.30481023174929 64.84319919042298 65.5563017289784 15.826202557937323 16.210799797605745 16.3890754322446
 1888 1048576 60940.027 61238.05 61998.844 63.86285163639503 64.65625499179023 64.97245194853622 15.965712909098757 16.16406374794756 16.243112987134054
 2072 524288 32696.962 32917.976 33303.976 65.23693963747752 66.00191554912124 66.4480532472711 16.30923490936938 16.50047888728031 16.612013311817776
 2272 524288 36537.17 36544.085 37208.08 64.02815388485512 65.19152612522656 65.2038642292219 16.00703847121378 16.29788153130664 16.300966057305477
 2496 524288 39789.2 40130.138 40460.825 64.68592017093077 65.21895578829059 65.77779136046968 16.171480042732693 16.304738947072646 16.44444784011742
 2744 524288 43532.133 43874.979 44296.026 64.95599727162885 65.57934863057142 66.09583187665075 16.23899931790721 16.394837157642854 16.523957969162687
 3016 524288 48164.129 48185.11 48552.99 65.13512794989558 65.63241665319431 65.66100709513505 16.283781987473894 16.408104163298578 16.415251773783762
 3312 524288 53237.915 53816.08 54027.796 64.2795740177889 64.53245409178817 65.23327805005135 16.069893504447226 16.133113522947042 16.30831951251284
 3640 524288 58435.917 58592.796 59928.894 63.689088605573126 65.14139792885118 65.31627868524762 15.922272151393281 16.285349482212794 16.329069671311906
 4000 524288 63066.006 63271.046 64368.01 65.16131227297534 66.29104883140386 66.50657408049591 16.290328068243834 16.572762207850964 16.626643520123977
 4400 262144 34770.012 34784.079 35489.082 65.00216601827006 66.31962858640013 66.34645970211342 16.250541504567515 16.579907146600032 16.586614925528355
 4840 262144 38398.981 38527.966 39682.865 63.94583455604832 65.86264948427332 66.08388696564631 15.98645863901208 16.46566237106833 16.52097174141158
 5320 262144 42281.866 42370.081 43067.932 64.7630854437125 65.82975755934949 65.9671018303686 16.190771360928125 16.457439389837372 16.49177545759215
 5848 262144 46509.027 47310.114 47894.001 64.01712448287626 64.80720431153473 65.92346522321354 16.004281120719064 16.201801077883683 16.480866305803385
 6432 262144 50621.033 50951.004 51357.031 65.66229297795661 66.18555379203127 66.61698144326688 16.415573244489153 16.546388448007818 16.65424536081672
 7072 262144 55877.924 56138.992 56153.774 66.02877192190147 66.04615800725458 66.35473315007194 16.507192980475367 16.511539501813644 16.588683287517984
 7776 262144 61954.021 62072.039 62994.003 64.71827942097917 65.67954837120784 65.80466323565987 16.179569855244793 16.41988709280196 16.45116580891497
 8552 131072 33935.07 33986.092 34394.026 65.18153728208497 65.96390923675486 66.06308718384845 16.295384320521244 16.490977309188715 16.515771795962113
 9400 131072 37493.944 37940.025 38620.949 63.80354869063419 64.94865514716977 65.72137623078542 15.950887172658547 16.237163786792443 16.430344057696356
 10336 131072 41301.012 41638.851 42512.178 63.735158052829014 65.0719296745244 65.60421289434747 15.933789513207254 16.2679824186311 16.401053223586867
 11368 131072 45003.891 45284.033 46128.035 64.60394404400708 65.80802977508651 66.21767420065967 16.15098601100177 16.452007443771627 16.554418550164918
 12504 131072 49375.057 49671.888 49690.008 65.96594985454621 65.99001382834491 66.38672996367376 16.491487463636552 16.49750345708623 16.59668249091844
 13752 131072 54890.156 54890.871 55065.87 65.46712669753515 65.67584413080273 65.67669962533901 16.366781674383788 16.418961032700683 16.419174906334753
 15120 131072 59976.101 60247.898 60760.975 65.2329440072349 65.78847414726403 66.08661139876364 16.308236001808726 16.447118536816006 16.52165284969091
 16632 65536 32898.903 32963.991 33486.128 65.10127130852513 66.13245052760752 66.2632885965833 16.275317827131282 16.53311263190188 16.565822149145824
 18288 65536 36142.111 36309.004 37308.931 64.24855046101428 66.01791489515934 66.32276504269493 16.06213761525357 16.504478723789834 16.58069126067373
 20112 65536 39657.116 40019.035 40294.886 65.42071031048455 65.87165492621199 66.47281320204928 16.355177577621138 16.467913731552997 16.61820330051232
 22120 65536 44170.141 44390.917 44448.853 65.22806426523537 65.31319548996927 65.63965100315166 16.307016066308844 16.32829887249232 16.409912750787914
 24328 65536 47948.122 49818.039 50230.98 63.48113486935752 64.0073290721058 66.50353513324255 15.87028371733938 16.00183226802645 16.625883783310638
 26760 65536 52778.006 52910.805 53162.813 65.97631919891072 66.2905567208815 66.45735574019223 16.49407979972768 16.572639180220374 16.614338935048057
 29432 65536 58017.969 58293.819 58795.929 65.61187431871346 66.1770179099091 66.49166060949152 16.402968579678365 16.544254477477274 16.62291515237288
 32368 65536 63935.995 64300.06 64970.97 65.29898654737646 65.9803193962805 66.35602520927374 16.324746636844115 16.495079849070127 16.589006302318435
 35600 32768 35309.076 35439.014 35575.867 65.58045654937939 65.83370519281377 66.07597434721882 16.395114137344848 16.45842629820344 16.518993586804704
 39160 32768 39102.793 39160.967 39698.124 64.64763322317195 65.53438172249423 65.6318785208003 16.161908305792988 16.383595430623558 16.407969630200075
 43072 32768 42382.002 43311.834 43585.062 64.76454231039065 65.17310239044599 66.60295547152302 16.191135577597663 16.293275597611498 16.650738867880754
 47376 32768 46640.873 46837.091 46909.809 66.18729860955094 66.29005921823796 66.56894128032295 16.546824652387734 16.57251480455949 16.642235320080736
 52112 32768 51368.952 52003.145 52504.778 65.0457379707424 65.67318249694323 66.48397327630902 16.2614344926856 16.418295624235807 16.620993319077254
 57320 32768 56376.934 56504.011 57641.983 65.16992172181169 66.48242228326056 66.63227766164084 16.292480430452922 16.62060557081514 16.65806941541021
 63048 32768 62048.912 62400.818 64754.009 63.80938866657661 66.21569813395715 66.59123576574558 15.952347166644152 16.553924533489287 16.647808941436395
 69352 16384 34147.978 34415.96 35455.942 64.0943719955318 66.03117669825278 66.54936746181573 16.02359299888295 16.507794174563195 16.637341865453934
 76280 16384 37607.193 37785.053 39687.157 62.981156347379574 66.15163514525175 66.46449364088407 15.745289086844894 16.537908786312936 16.616123410221018
 83904 16384 41290.045 41307.926 42680.979 64.41666373210418 66.5578386094717 66.58666203923973 16.104165933026046 16.639459652367925 16.64666550980993
 92288 16384 45334.101 45586.824 47176.123 64.10219813951223 66.3370008842906 66.70680828103329 16.025549534878056 16.58425022107265 16.676702070258322
 101512 16384 49900.055 50781.012 51446.199 64.65677310776643 65.50372048512936 66.66015129642643 16.164193276941607 16.37593012128234 16.66503782410661
 111656 16384 55101.871 55219.889 69671.869 52.513932244303646 66.25771754086648 66.39962929752423 13.128483061075912 16.56442938521662 16.599907324381057
 122816 16384 60425.043 61515.093 61577.082 65.35604736840241 65.42190691315382 66.60209886817955 16.339011842100604 16.355476728288455 16.65052471704489
 135096 8192 34634.113 34891.844 35619.974 62.13965411653585 63.43639688403972 63.90846111751152 15.534913529133963 15.85909922100993 15.97711527937788
 148600 8192 37068.129 38606.167 38652.897 62.98783762572829 63.06407989169191 65.68074692952537 15.746959406432072 15.766019972922978 16.420186732381342
 163456 8192 40466.07 41602.135 42315.96 63.28730587702607 64.37321315360377 66.18045943181535 15.821826469256518 16.093303288400943 16.545114857953838
 179800 8192 44556.141 45440.912 45918.941 64.15311712001373 64.82799464940317 66.11531281400694 16.038279280003433 16.20699866235079 16.528828203501735
 197776 8192 49378.872 50145.149 50781.965 63.80930678834504 64.61965012807121 65.62243835784665 15.95232669708626 16.154912532017804 16.405609589461662
 217552 8192 54013.968 54090.977 55490.017 64.2344724457374 65.89586961980739 65.98981892979978 16.05861811143435 16.473967404951846 16.497454732449945
 239304 8192 59831.142 59843.063 61048.985 64.22312731325509 65.51731377787263 65.53036771385712 16.055781828313773 16.379328444468157 16.38259192846428
 263232 4096 32624.006 33181.906 33689.022 64.00887933167073 64.987121113537 66.09845964349074 16.00221983291768 16.24678027838425 16.524614910872685
 289552 4096 35740.137 36426.067 36903.143 64.27663855081396 65.11847639219464 66.36823983075385 16.06915963770349 16.27961909804866 16.592059957688463
 318504 4096 40610.79 43066.978 50218.821 51.956312713912574 60.58434766423592 64.24855975468589 12.989078178478143 15.14608691605898 16.06213993867147
 350352 4096 43411.97 43637.037 45557.022 62.999806791585286 65.77173385993189 66.112723840913 15.749951697896321 16.44293346498297 16.52818096022825
 385384 4096 47517.776 48393.011 48470.974 65.1331192148109 65.23805117230668 66.43967781657122 16.283279803702726 16.30951279307667 16.609919454142805
 423920 4096 52323.818 52649.021 53514.004 64.89427776699347 65.96044093583431 66.37039827636431 16.223569441748367 16.49011023395858 16.592599569091078
 466312 4096 58236.122 58449.03 58694.124 65.08365137198402 65.35656629374346 65.59550623923757 16.270912842996005 16.339141573435864 16.39887655980939
 512936 4096 63426.971 64091.921 64365.864 65.28261178937954 65.56164406431195 66.24897335866787 16.320652947344886 16.390411016077987 16.562243339666967
 564224 2048 34848.928 35385.132 36091.089 64.03413053011506 65.31165417158823 66.31657375515252 16.008532632528766 16.327913542897058 16.57914343878813
 620640 2048 38294.077 38638.83 38732.052 65.63405006272323 65.79240209913189 66.3847163622719 16.40851251568081 16.448100524782973 16.596179090567976
 682704 2048 42065.859 42497.873 43868.065 63.74467585930676 65.79989506768963 66.47565627983492 15.93616896482669 16.449973766922408 16.61891406995873
 750968 2048 46344.995 46974.182 48528.194 63.38511027218527 65.48203283241845 66.3710272921596 15.846277568046318 16.370508208104614 16.5927568230399
 826064 2048 51391.84 51975.012 52897.93 63.963904523296094 65.099708760048 65.83843162649947 15.990976130824023 16.274927190012 16.459607906624868
 908664 2048 56029.081 57981.014 58828.115 63.26715965656897 64.19149109741336 66.42778495688694 15.816789914142243 16.04787277435334 16.606946239221735
 999528 2048 62673.092 63179.97 67022.085 61.08533758685662 64.80007331437479 65.32415359369855 15.271334396714154 16.200018328593696 16.33103839842464
 1099480 1024 34449.1 34739.971 35082.102 64.18472416504575 64.81683706644431 65.36411807565365 16.046181041261438 16.204209266611077 16.341029518913412
 1209424 1024 37291.05 38045.883 38092.136 65.02392913854975 65.10297978890382 66.42077259825078 16.255982284637437 16.275744947225956 16.605193149562695
 1330360 1024 41603.088 41651.011 42089.939 64.732269628616 65.41443327750196 65.48978479674393 16.183067407154 16.35360831937549 16.372446199185983
 1463392 1024 45198.917 45698.166 46195.984 64.87634977101041 65.5830874263094 66.30749174808768 16.219087442752603 16.39577185657735 16.57687293702192
 1609728 1024 50001.86 50452.948 53199.053 61.96957949608613 65.34252357265625 65.932006209369 15.492394874021533 16.335630893164062 16.48300155234225
 1770696 1024 54713.011 55663.109 56251.049 64.4678716658244 65.14881172016462 66.28012865166569 16.1169679164561 16.287202930041154 16.570032162916423
 1947760 1024 60461.998 61635.017 61789.989 64.55758521012199 64.7199055692643 65.97553193660586 16.139396302530496 16.179976392316075 16.493882984151465
 2142536 512 33185.959 34005.88 34042.835 64.44694938009717 64.51698541546345 66.11099784701113 16.11173734502429 16.129246353865863 16.527749461752784
 2356784 512 36399.841 36973.0 36993.027 65.23788431803646 65.27322143185567 66.30102631492262 16.309471079509116 16.31830535796392 16.575256578730656
 2592456 512 40473.938 41616.917 41958.094 63.26967435651391 63.78836144926352 65.58973688203999 15.817418589128478 15.94709036231588 16.397434220509997
 2851696 512 44359.922 45098.066 45198.917 64.60634231567983 64.7508188932093 65.82826507224247 16.151585578919956 16.187704723302325 16.45706626806062
 3136864 512 49128.056 49503.088 50013.065 64.22619241592172 64.8878457036862 65.38318422369491 16.05654810398043 16.22196142592155 16.345796055923728
 3450544 512 53929.09 54477.93 56386.948 62.662676050493104 64.85850427870515 65.51857366775519 15.665669012623276 16.21462606967629 16.379643416938798
 3795592 512 62237.024 63359.022 63868.999 60.85403355076849 61.34384788957127 62.44974386950122 15.213508387692123 15.335961972392818 15.612435967375305
 4175144 512 65525.055 67335.844 71859.121 59.4962392595924 63.49289177989662 65.24752182199619 14.8740598148981 15.873222944974154 16.311880455499047
 4592656 256 36427.975 37060.022 37641.048 62.47009573165975 63.449500164894665 64.5503866739779 15.617523932914937 15.862375041223666 16.137596668494474
 5051920 256 40724.993 42165.995 42912.006 60.27644198222753 61.34286739824353 63.51340661986117 15.069110495556883 15.335716849560882 15.878351654965293
 5557112 256 43984.89 44214.01 44750.929 63.57949226037297 64.35157869643581 64.68679003175863 15.894873065093243 16.087894674108952 16.17169750793966
 6112816 256 48522.949 49198.866 50300.837 62.220869048361955 63.61451078974056 64.50065085697904 15.555217262090489 15.90362769743514 16.12516271424476
 6724096 256 53213.835 54855.108 57396.889 59.98125006391897 62.76055735775782 64.69627967989904 14.995312515979743 15.690139339439455 16.17406991997476
 7396504 256 58822.87 59348.822 60733.795 62.3542468900552 63.809354935469486 64.37989251459508 15.5885617225138 15.952338733867371 16.09497312864877
 8136152 256 65064.907 65610.886 67980.051 61.278415692862595 63.49113810168637 64.02391113845748 15.319603923215649 15.872784525421592 16.00597778461437
 8949760 128 36076.069 36462.069 37286.997 61.4460467277641 62.83621919535065 63.508542463426366 15.361511681941025 15.709054798837663 15.877135615856591
 9844736 128 39780.14 39828.062 41406.155 60.86661309170098 63.27830904752534 63.35453862153326 15.216653272925244 15.819577261881335 15.838634655383315
 10829208 128 43698.072 44229.984 44237.852 62.667537474468695 62.67868530090357 63.4416376081764 15.666884368617174 15.669671325225892 15.8604094020441
 11912128 128 48451.185 49179.077 49505.949 61.59875387905401 62.008174085902425 62.93973548840962 15.399688469763502 15.502043521475606 15.734933872102404
 13103336 128 53309.917 53565.025 53738.832 62.421416527995994 62.62396061609231 62.92363981733455 15.605354131998999 15.655990154023078 15.730909954333638
 14413664 128 57928.085 58351.994 58610.916 62.9558149884571 63.23516526273293 63.697910676660555 15.738953747114275 15.808791315683232 15.924477669165139
 15855024 128 63158.035 64160.824 64354.897 63.07035413326821 63.26112869123999 64.26555455691425 15.767588533317053 15.815282172809997 16.066388639228563
 17440520 64 34410.954 34480.095 34832.954 64.08835035926037 64.7442114066101 64.87430020103483 16.022087589815094 16.186052851652526 16.218575050258707
 19184568 64 37830.83 37855.864 38640.976 63.549758784560716 64.86774952488206 64.91067481205144 15.887439696140179 16.216937381220514 16.22766870301286
 21103024 64 41417.837 42167.902 42466.879 63.60691286025517 64.05789579002531 65.21796567985915 15.901728215063793 16.01447394750633 16.304491419964787
 23213320 64 45588.017 45861.006 45899.868 64.73449901860283 64.78935416288077 65.17732412006427 16.183624754650708 16.197338540720192 16.294331030016068
 25534648 64 49969.196 50582.886 51208.973 63.82543434331323 64.61543028604576 65.40899605428912 15.956358585828308 16.15385757151144 16.35224901357228
 28088112 64 54994.106 56464.195 58043.003 61.94163206889898 63.67359591330399 65.37570291623615 15.485408017224746 15.918398978325998 16.343925729059038
 30896920 64 60501.099 61051.13 61377.048 64.43460363228938 64.77858411465931 65.36750282833705 16.108650908072345 16.194646028664827 16.341875707084263
 33986608 32 33894.062 33898.83 35472.155 61.31972844615728 64.16572229779021 64.17474872147223 15.32993211153932 16.041430574447553 16.043687180368057
 37385264 32 37450.075 37960.052 38304.09 62.4647889037437 63.03091723899641 63.889241770543855 15.616197225935926 15.757729309749102 15.972310442635964
 41123784 32 40682.077 41435.003 41568.995 63.31454912489463 63.51929493042392 64.69488212216893 15.828637281223658 15.87982373260598 16.173720530542234
 45236160 32 44761.896 45133.829 45241.117 63.99298761787867 64.14510588055802 64.67809674549979 15.998246904469667 16.036276470139505 16.169524186374947
 49759776 32 49383.879 49907.923 51694.155 61.60514015559399 63.81002198789158 64.4871510397148 15.401285038898498 15.952505496972895 16.1217877599287
 54735752 32 54626.942 54749.012 55226.088 63.43176304647904 63.98449944630964 64.12747995302391 15.85794076161976 15.99612486157741 16.031869988255977
 60209320 32 60550.928 61166.048 62731.028 61.427280930259904 62.99894477406812 63.63893349413241 15.356820232564976 15.74973619351703 15.909733373533102
 66230248 32 66410.78 66462.04 67553.043 62.74677917914075 63.77679457326318 63.82602149831699 15.686694794785188 15.944198643315795 15.956505374579248
 72853272 16 36180.019 37714.005 38124.084 61.150445057250415 61.81535755749092 64.43624874823863 15.287611264312604 15.45383938937273 16.109062187059656
 80138592 16 39881.945 40169.954 43292.046 59.235706808590194 63.83962859404817 64.30064892772907 14.808926702147549 15.959907148512043 16.075162231932268
 88152448 16 43845.177 44036.865 50256.014 56.13016456100159 64.0572015287646 64.33725506456501 14.032541140250398 16.01430038219115 16.084313766141253
 96967688 16 48372.984 48828.84 48882.008 63.47869375578842 63.54781346433788 64.14667360607731 15.869673438947105 15.88695336608447 16.03666840151933
 106664456 16 54442.167 54655.075 55110.931 61.93440266868292 62.45097261324772 62.69520079904241 15.48360066717073 15.61274315331193 15.673800199760603
 117330896 16 58760.881 59207.201 59210.062 63.41132816243293 63.41439231352957 63.89605819558764 15.852832040608233 15.853598078382392 15.97401454889691
 129063984 16 64277.887 65578.938 65634.966 62.9245010654839 62.978261221613565 64.25300644994755 15.731125266370976 15.744565305403391 16.063251612486887
 141970376 8 35317.898 35489.082 35633.087 63.74766283931561 64.006333440803 64.3165687833404 15.936915709828902 16.00158336020075 16.0791421958351
 156167408 8 38918.972 39015.055 39067.984 63.95719134112475 64.04395759534364 64.2020690577336 15.989297835281187 16.01098939883591 16.0505172644334
 171784144 8 43204.069 43327.808 43888.092 62.62624276307113 63.43608021896701 63.61776489154296 15.656560690767783 15.859020054741752 15.90444122288574
 188962552 8 46918.869 47077.894 51610.947 58.58061143501204 64.22124218215879 64.43891117665261 14.64515285875301 16.055310545539697 16.109727794163152
 207858800 8 51589.012 51818.132 56498.051 58.86469959822154 64.18102451087971 64.46606885977967 14.716174899555385 16.045256127719927 16.116517214944917
 228644680 8 57210.922 57828.903 60775.995 60.19341814148826 63.26101119365864 63.94434405374554 15.048354535372065 15.81525279841466 15.986086013436385
 251509144 8 62635.899 62660.933 66703.081 60.32924182317755 64.22097647349106 64.24664398925607 15.082310455794387 16.055244118372766 16.061660997314018
 276660056 4 34404.993 34964.085 36705.971 60.297558890350565 63.301540652357986 64.33021067610738 15.074389722587641 15.825385163089496 16.082552669026846
 304326056 4 39003.134 39355.993 40614.843 59.94381039463824 61.861187138639856 62.42084156621877 14.98595259865956 15.465296784659964 15.605210391554692
 334758656 4 42258.024 42893.887 46963.93 57.02395962177782 62.43475318522659 63.37421853894541 14.255989905444455 15.608688296306648 15.843554634736352
 368234520 4 46405.077 46794.176 46833.992 62.9003856856789 62.953906058736884 63.48176429057537 15.725096421419725 15.738476514684221 15.870441072643843
 405057968 4 50482.035 50647.974 50935.03 63.61955110264979 63.98012572032989 64.19043416138038 15.904887775662447 15.995031430082472 16.047608540345095
 445563760 4 55670.977 56256.056 64116.001 55.59470373082065 63.362246368639845 64.02815743650412 13.898675932705162 15.840561592159961 16.00703935912603
 490120136 4 61447.859 62063.217 78830.957 49.73884926958327 63.17689087885986 63.809563942659096 12.434712317395817 15.794222719714964 15.952390985664774
 539132144 2 33570.051 33638.0 40015.936 53.89174392921859 64.1098928592663 64.23965742560236 13.472935982304648 16.027473214816574 16.05991435640059
 593045352 2 36925.077 37133.932 37213.087 63.74589154616493 63.88177282168772 64.243099831586 15.936472886541232 15.97044320542193 16.0607749578965
 652349880 2 40589.094 41706.085 42680.979 61.137293031633604 62.566398164680294 64.28819327674573 15.284323257908401 15.641599541170073 16.072048319186433
 717584864 2 44544.935 45004.845 45305.014 63.35588939449394 63.77845443085072 64.4369434145543 15.838972348623486 15.94461360771268 16.109235853638577
 789343344 2 49081.087 50282.955 51169.157 61.704619757562156 62.79212063014195 64.32973613644701 15.426154939390539 15.698030157535488 16.082434034111753
 868277672 2 53915.977 54301.023 55271.149 62.83767844232802 63.96031780101085 64.41709640168442 15.709419610582005 15.990079450252713 16.104274100421105
 955105432 2 59732.914 60919.046 64560.89 59.17548113106867 62.71309186292903 63.958402029407104 14.793870282767168 15.678272965732258 15.989600507351776
 1050615968 2 65233.946 65288.067 65361.977 64.29523807090474 64.36802412912607 64.42142672160288 16.073809517726186 16.092006032281517 16.10535668040072
 1155677560 1 35816.193 35878.897 35964.966 64.2668512462934 64.42101940870701 64.53380235023863 16.06671281157335 16.105254852176753 16.133450587559658
 1271245312 1 39591.074 39875.031 43717.861 58.156793718704584 63.761470781050924 64.21878386022061 14.539198429676146 15.940367695262731 16.054695965055153
 1398369840 1 43763.876 44362.068 64451.933 43.392642389794574 63.04349202115645 63.905209858468666 10.848160597448643 15.760873005289113 15.976302464617167
 1538206824 1 48313.856 49206.018 51990.032 59.17314395959595 62.521085286763096 63.675597493191184 14.793285989898987 15.630271321690774 15.918899373297796
 1692027504 1 52804.947 55162.191 59062.004 57.296650618221484 61.34736395804148 64.08594649285416 14.324162654555371 15.33684098951037 16.02148662321354
 1861230248 1 59641.838 61386.108 62011.003 60.029032202559286 60.640112515359334 62.41357779751858 15.007258050639821 15.160028128839834 15.603394449379644
 2047353272 1 63684.94 65469.027 75767.994 54.04269438623385 62.54417900544024 64.29630842079777 13.510673596558462 15.63604475136006 16.074077105199443
 
META_DATA
 FLOPS          4
 OPENMP_THREADS 1
 ERT_VERSION  1.1.0
 HOSTNAME  Rezas-MacBook-Pro.local
 UNAME  uname_result(system='Darwin', node='Rezas-MacBook-Pro.local', release='21.6.0', version='Darwin Kernel Version 21.6.0: Wed Aug 10 14:28:23 PDT 2022; root:xnu-8020.141.5~2/RELEASE_ARM64_T6000', machine='arm64')
 TIMESTAMP_DATA  1705697795.459745
 CONFIG  {'ERT_RESULTS': ['Results.MyMacBookPro'], 'ERT_DRIVER': ['driver1'], 'ERT_KERNEL': ['kernel1'], 'ERT_MPI': ['False'], 'ERT_OPENMP': ['True'], 'ERT_OPENMP_CFLAGS': ['-Xpreprocessor', '-fopenmp', '-I/opt/homebrew/opt/libomp/include'], 'ERT_OPENMP_LDFLAGS': ['-L/opt/homebrew/opt/libomp/lib', '-lomp'], 'ERT_FLOPS': ['1,2,4,8,16'], 'ERT_ALIGN': ['32'], 'ERT_CC': ['clang'], 'ERT_CFLAGS': ['-O3', '-std=c++11', '-Xpreprocessor', '-fopenmp', '-I/opt/homebrew/opt/libomp/include'], 'ERT_LD': ['clang'], 'ERT_LDFLAGS': ['-L/opt/homebrew/opt/libomp/lib', '-lomp', '-lc++'], 'ERT_LDLIBS': [], 'ERT_PRECISION': ['FP64'], 'ERT_RUN': ['export', 'OMP_NUM_THREADS=ERT_OPENMP_THREADS;', './ERT_CODE'], 'ERT_PROCS_THREADS': ['1-10'], 'ERT_OPENMP_THREADS': ['1,2,4,8,10'], 'ERT_NUM_EXPERIMENTS': ['3'], 'ERT_MEMORY_MAX': ['2147483648', '#', 'Adjusted', 'to', '2GB,', 'consider', 'your', "system's", 'RAM'], 'ERT_WORKING_SET_MIN': ['1'], 'ERT_TRIALS_MIN': ['1'], 'ERT_GNUPLOT': ['gnuplot'], 'ERT_GPU': [False], 'ERT_HIP': [False], 'ERT_OCL': [False], 'ERT_SYCL': [False], 'ERT_WSS_MULT': [1.1]}
 TIMESTAMP_DATA  1705697846.667688
 TIMESTAMP_DATA  1705697895.973878
 