fp64
 16 134217728 1516478.062 1526032.925 1529082.06 2.8088533691906634 2.814465681335152 2.8321987660906895 1.4044266845953317 1.407232840667576 1.4160993830453448
 32 67108864 856279.85 858514.071 869868.994 4.937487513205926 5.0027919647224985 5.01584534074929 2.468743756602963 2.5013959823612493 2.507922670374645
 48 33554432 499065.161 504251.957 504372.12 6.38660493764009 6.38812686253987 6.454518815830544 3.193302468820045 3.194063431269935 3.227259407915272
 64 33554432 677392.006 680059.91 684347.153 6.276006668796648 6.315571956006053 6.340445794986249 3.138003334398324 3.1577859780030266 3.1702228974931246
 80 16777216 398545.98 399686.098 406408.072 6.605071958314844 6.716156937737675 6.73536980601335 3.302535979157422 3.3580784688688374 3.367684903006675
 96 16777216 428978.92 430110.931 430500.031 7.48252088279176 7.4892899478530115 7.509053060229626 3.74126044139588 3.7446449739265057 3.754526530114813
 112 16777216 469136.0 475050.926 475888.968 7.897002529379921 7.91093370903144 8.010675761399678 3.9485012646899604 3.95546685451572 4.005337880699839
 128 16777216 210005.999 210165.024 210900.068 20.364940309075674 20.43616589599609 20.45164098383685 10.182470154537837 10.218082947998045 10.225820491918425
 144 8388608 104080.915 104543.209 107283.115 22.519099151809677 23.109287796972062 23.211931832075074 11.259549575904838 11.554643898486031 11.605965916037537
 160 8388608 107985.973 108729.839 112417.221 23.87849954056416 24.688297018447713 24.858363409847684 11.93924977028208 12.344148509223857 12.429181704923842
 176 8388608 124022.961 125880.003 130885.839 22.560041930892154 23.45718101071224 23.8084141209949 11.280020965446077 11.72859050535612 11.90420706049745
 192 8388608 170183.182 173750.162 175623.178 18.341687633052622 18.53940989131279 18.927989441400857 9.170843816526311 9.269704945656395 9.463994720700429
 208 8388608 262960.196 263900.995 265678.167 13.13491796260398 13.223371620861075 13.270681194655028 6.56745898130199 6.611685810430537 6.635340597327514
 224 8388608 254455.09 259199.858 264661.074 14.199656667304236 14.498836585010784 14.769193196331816 7.099828333652118 7.249418292505392 7.384596598165908
 240 8388608 256565.809 260660.172 263243.914 15.29582119797839 15.447437976830615 15.693953359155502 7.647910598989195 7.723718988415308 7.846976679577751
 256 8388608 112617.97 116564.035 117048.979 36.69376130141212 36.8464191892465 38.13749525053595 18.34688065070606 18.42320959462325 19.068747625267974
 272 4194304 56313.992 57531.118 58349.848 39.103810107611594 39.6602995964723 40.51748588521304 19.551905053805797 19.83014979823615 20.25874294260652
 288 4194304 56706.905 57708.979 59231.997 40.78739914847038 41.863833771864165 42.603614215940716 20.39369957423519 20.931916885932083 21.301807107970358
 304 4194304 56730.986 59550.047 61080.217 41.750618403991595 42.823422658255836 44.95139273623766 20.875309201995798 21.411711329127918 22.47569636811883
 320 4194304 86719.99 89829.922 95008.85 28.253731731307134 29.88263264884055 30.954276632181344 14.126865865653567 14.941316324420274 15.477138316090672
 352 4194304 109221.935 114040.852 114512.92 25.785649479552173 25.892388246976616 27.03477113823336 12.892824739776087 12.946194123488308 13.51738556911668
 384 4194304 61231.136 63842.058 63926.935 50.38917432847359 50.45616593374857 52.60763857133077 25.194587164236793 25.228082966874286 26.303819285665384
 416 4194304 64742.804 65854.788 67009.926 52.07677632713696 52.99023858371544 53.90036749103422 26.03838816356848 26.49511929185772 26.95018374551711
 448 4194304 67567.825 68611.145 70055.962 53.6442049571741 54.77384736838308 55.61961457246848 26.82210247858705 27.38692368419154 27.80980728623424
 480 4194304 75046.062 76465.845 77368.021 52.04387792211978 52.65791334680208 53.65413897400771 26.02193896105989 26.32895667340104 26.827069487003854
 528 2097152 33768.892 34252.882 34794.092 63.648521478876354 64.65419499591304 65.58084618233846 31.824260739438177 32.32709749795652 32.79042309116923
 576 2097152 35932.064 37690.878 37997.961 63.58023010761024 64.09824424891349 67.23574532206109 31.79011505380512 32.049122124456744 33.617872661030546
 624 2097152 39386.034 39932.013 40799.856 64.14840522966551 65.54254342249162 66.45111046215011 32.07420261483276 32.77127171124581 33.225555231075056
 672 2097152 42685.032 43411.97 44524.908 63.30327034027785 64.9261548830887 66.03186540893304 31.651635170138924 32.46307744154435 33.01593270446652
 736 2097152 47907.114 49582.005 49747.944 62.0529713549569 62.260647668443426 64.43735567122661 31.02648567747845 31.130323834221713 32.218677835613306
 800 2097152 44784.069 45133.829 45722.961 73.38639332653892 74.34430613010919 74.92492921980805 36.69319666326946 37.172153065054594 37.462464609904025
 880 2097152 51449.06 51675.081 52523.136 70.27355563841428 71.42683569281682 71.740621111445 35.13677781920714 35.71341784640841 35.8703105557225
 960 2097152 59400.082 59535.98 59746.981 67.39305940830717 67.63190662184446 67.78663773561793 33.69652970415358 33.81595331092223 33.893318867808965
 1056 1048576 29094.934 29409.885 30484.915 72.64552031717982 75.30095789221889 76.11608646371221 36.32276015858991 37.650478946109445 38.058043231856104
 1152 1048576 33576.012 34927.13 36128.998 66.86925289209515 69.17027262188448 71.95372410517365 33.434626446047574 34.58513631094224 35.976862052586824
 1264 1048576 38393.974 38784.981 38851.023 68.22986689436725 68.34604683704757 69.0420879068158 34.114933447183624 34.17302341852378 34.5210439534079
 1376 1048576 39189.1 39880.037 39918.9 72.28859392418128 72.35903898484348 73.63479008193606 36.14429696209064 36.17951949242174 36.81739504096803
 1504 1048576 44422.865 45480.967 45506.954 69.31065102709357 69.35025387652817 71.00209786109022 34.655325513546785 34.675126938264086 35.50104893054511
 1648 1048576 46174.049 47257.185 48717.976 70.94109361193493 73.13399001654457 74.84954364734182 35.470546805967466 36.566995008272286 37.42477182367091
 1808 1048576 50498.009 50750.017 51061.153 74.25705439906538 74.71230632297129 75.08515466421657 37.12852719953269 37.35615316148564 37.54257733210829
 1984 1048576 57351.828 57993.889 58337.212 71.32239312362064 71.74462067891325 72.5478108213046 35.66119656181032 35.872310339456625 36.2739054106523
 2176 524288 30771.017 31063.08 32097.816 71.0858762477796 73.45380355071035 74.15099006964898 35.5429381238898 36.726901775355174 37.07549503482449
 2384 524288 33041.954 33463.001 34019.947 73.48057255938699 74.70355644432489 75.65548889753917 36.74028627969349 37.351778222162444 37.827744448769586
 2608 524288 35853.863 35874.128 36405.802 75.11676869527554 76.23003987720621 76.27312593903758 37.55838434763777 38.115019938603105 38.13656296951879
 2864 524288 39154.053 39967.06 40808.916 73.58984159245985 75.13991932356296 76.70014810471855 36.794920796229924 37.56995966178148 38.350074052359275
 3136 524288 42915.106 43805.838 44039.011 74.66866901257161 75.06612100423692 76.62416902803409 37.334334506285806 37.53306050211846 38.312084514017045
 3440 524288 47315.836 49154.997 49431.086 72.97232838461206 73.38219225199016 76.23454946458095 36.48616419230603 36.69109612599508 38.117274732290475
 3776 524288 53997.993 54366.827 54477.93 72.67939468331487 72.82792089374648 73.32537296339883 36.339697341657434 36.41396044687324 36.66268648169942
 4144 262144 28096.914 28120.041 29414.177 73.86402386849035 77.26338208397348 77.32697875645702 36.932011934245175 38.63169104198674 38.66348937822851
 4544 262144 31432.152 32217.026 32296.896 73.76450888655059 73.94738024546399 75.79387730117875 36.88225444327529 36.973690122731995 37.89693865058938
 4992 262144 34195.185 34461.021 34698.009 75.42927595643889 75.94800212100506 76.53842773478196 37.71463797821944 37.97400106050253 38.26921386739098
 5488 262144 37204.027 37505.15 37802.935 76.1129405428441 76.71726533556058 77.33820169520895 38.05647027142205 38.35863266778029 38.669100847604476
 6032 262144 41778.088 42940.14 45593.977 69.36234617129364 73.64915941121757 75.6977010532411 34.68117308564682 36.824579705608784 37.84885052662055
 6624 262144 45479.059 45734.167 47196.865 73.58293208669686 75.93630626310521 76.36225965009521 36.79146604334843 37.968153131552604 38.181129825047606
 7280 262144 49294.949 51314.116 51670.074 73.86899891027831 74.38141660668967 77.42814867300096 36.934499455139154 37.190708303344834 38.71407433650048
 8000 262144 54543.018 55225.134 55769.92 75.20728019692335 75.94918647005909 76.8990084120391 37.603640098461675 37.974593235029545 38.44950420601955
 8800 131072 29749.155 29982.09 31489.134 73.25915028339618 76.94150741325906 77.54395713088321 36.62957514169809 38.47075370662953 38.77197856544161
 9680 131072 33086.061 34301.996 35819.054 70.84368894834577 73.9768589559628 76.69555828963745 35.421844474172886 36.9884294779814 38.34777914481872
 10640 131072 35994.053 36983.967 39157.867 71.2299308846419 75.41679236302585 77.49091662447682 35.61496544232095 37.708396181512924 38.74545831223841
 11696 131072 39818.048 40154.934 40553.093 75.60548400093674 76.35515535899025 77.00116851534258 37.80274200046837 38.17757767949512 38.50058425767129
 12864 131072 43251.991 44162.035 44551.134 75.69325656222354 76.36016809460887 77.96682506476985 37.84662828111177 38.18008404730443 38.983412532384925
 14144 131072 47752.857 48509.121 49432.039 75.00731936224602 76.43438305138532 77.64487758292661 37.50365968112301 38.21719152569266 38.822438791463306
 15552 131072 52524.805 53446.054 54437.16 74.8911862411632 76.2799717262569 77.61787003302534 37.4455931205816 38.13998586312845 38.80893501651267
 17104 65536 28836.012 29614.925 29911.041 74.95076777835983 75.70019130556636 77.74499081218305 37.475383889179916 37.85009565278318 38.872495406091524
 18800 65536 31575.918 32335.997 32482.862 75.86011355772776 76.20465823274291 78.03901694956264 37.93005677886388 38.10232911637146 39.01950847478132
 20672 65536 34905.91 35671.949 35865.068 75.54761596994602 75.95661184646794 77.6235423743429 37.77380798497301 37.97830592323397 38.81177118717145
 22736 65536 38195.133 39144.993 39658.07 75.1436716915372 76.1285866624117 78.02179906010538 37.5718358457686 38.06429333120585 39.01089953005269
 25008 65536 42003.155 42711.02 43143.034 75.9763111699562 76.74479738484354 78.03815156266236 37.9881555849781 38.37239869242177 39.01907578133118
 27504 65536 46844.006 46919.107 47843.933 75.34924622522149 76.83446080932444 76.95764294795795 37.674623112610746 38.41723040466222 38.478821473978975
 30240 65536 50791.025 51542.044 52345.037 75.7209758013926 76.90066152595733 78.0377493858413 37.8604879006963 38.450330762978666 39.01887469292065
 33264 32768 28458.118 28707.981 29219.866 74.60641688089876 75.93670568473624 76.60343189243927 37.30320844044938 37.96835284236812 38.30171594621964
 36576 32768 30974.865 31213.045 31458.855 76.1961850169054 76.79624772270697 77.38676943386193 38.0980925084527 38.39812386135348 38.693384716930964
 40224 32768 33614.874 33838.987 35630.941 73.98401473595659 77.90186106930446 78.42123888371557 36.992007367978296 38.95093053465223 39.21061944185779
 44240 32768 37027.121 38312.912 38793.087 74.73786863107853 75.67455692221986 78.30240541790977 37.36893431553926 37.83727846110993 39.151202708954884
 48656 32768 40925.98 41664.124 42199.85 75.56234479506445 76.53394119122726 77.91431301095295 37.781172397532224 38.26697059561363 38.957156505476476
 53520 32768 44911.861 45597.076 47451.973 73.91656233134921 76.92350097186056 78.09711381142723 36.958281165674606 38.46175048593028 39.04855690571362
 58864 32768 49384.117 50182.104 52106.142 74.03563103942717 76.87423994816957 78.1164337513618 37.01781551971359 38.43711997408479 39.0582168756809
 64736 32768 54750.919 55634.975 56296.825 75.36017343784485 76.2566801908332 77.4879869322376 37.680086718922425 38.1283400954166 38.7439934661188
 71200 16384 30529.976 30539.036 31396.151 74.31107080609975 76.39670093057292 76.41937222616879 37.155535403049875 38.19835046528646 38.209686113084395
 78320 16384 33017.874 33423.901 34620.047 74.1301639480732 76.78307089289189 77.72728674172055 37.0650819740366 38.39153544644594 38.863643370860274
 86144 16384 36164.045 36751.032 37481.07 75.31179317986386 76.80781840357572 78.05450391403949 37.65589658993193 38.40390920178786 39.02725195701974
 94752 16384 40748.835 41267.872 42582.989 72.9125317154228 75.23609494572436 76.19441233105192 36.4562658577114 37.61804747286218 38.09720616552596
 104224 16384 44243.097 45471.907 45694.113 74.74074465566277 75.10597767540297 77.19197487463411 37.37037232783138 37.552988837701484 38.595987437317056
 114640 16384 48545.122 49662.828 50117.97 74.95362481760534 75.64054789630586 77.38210071858506 37.47681240880267 37.82027394815293 38.69105035929253
 126096 16384 53143.978 53803.921 54144.144 76.31321547903684 76.79577345301655 77.74942493013977 38.15660773951842 38.397886726508276 38.874712465069884
 138704 8192 29167.175 29499.054 30082.941 75.5420268251033 77.03726146607956 77.91383073609288 37.77101341255165 38.51863073303978 38.95691536804644
 152560 8192 32454.967 32639.98 33483.982 74.64891839925131 76.57918417842167 77.01573198333554 37.32445919962566 38.289592089210835 38.50786599166777
 167808 8192 35347.223 35812.14 36164.999 76.02284938539609 76.7719067333033 77.78167671050143 38.01142469269804 38.38595336665165 38.890838355250715
 184576 8192 38727.999 39052.963 51198.959 59.06552092201718 77.43569121759083 78.08544882476369 29.53276046100859 38.717845608795415 39.042724412381844
 203024 8192 42516.947 44242.859 45347.929 73.35164558452053 75.18377634682244 78.23574952359586 36.67582279226026 37.59188817341122 39.11787476179793
 223312 8192 46932.936 47652.006 49479.008 73.94537513767455 76.78047820274344 77.95684906650631 36.97268756883727 38.39023910137172 38.978424533253154
 245632 8192 51548.004 52222.013 52747.965 76.2955440650649 77.06395170940654 78.07159105520361 38.14777203253245 38.53197585470327 39.035795527601806
 270192 4096 28482.199 28969.049 29717.922 74.48074141926882 76.40612793329873 77.71214799812331 37.24037070963441 38.20306396664937 38.85607399906166
 297200 4096 31404.018 31601.906 31951.904 76.19772518094697 77.04163160285333 77.5270986024782 38.09886259047349 38.520815801426664 38.7635493012391
 326912 4096 34897.089 35011.053 35411.119 75.6277457371511 76.49193253342023 76.74173350103787 37.81387286857555 38.24596626671011 38.370866750518935
 359600 4096 37876.129 38638.115 39451.838 74.66935254068517 76.24189741140323 77.77571989999295 37.334676270342584 38.120948705701615 38.887859949996475
 395552 4096 41722.059 43107.033 43304.92 74.8266475033322 75.1701464584677 77.66543794015536 37.4133237516661 37.58507322923385 38.83271897007768
 435104 4096 46047.926 46495.914 47019.005 75.80704797985412 76.65989678146772 77.40570048692312 37.90352398992706 38.32994839073386 38.70285024346156
 478608 4096 50855.16 51296.949 52859.783 74.1727739593634 76.43255227518502 77.09653722454122 37.0863869796817 38.21627613759251 38.54826861227061
 526464 2048 27797.937 27800.083 28898.954 74.61849809512137 77.56798941931217 77.57397766604046 37.309249047560684 38.783994709656085 38.78698883302023
 579104 2048 30498.981 31540.155 32032.967 74.04902530571083 75.2060344662225 77.7734175446714 37.024512652855414 37.60301723311125 38.8867087723357
 637008 2048 33553.839 33654.928 34237.862 76.20758469088987 77.52756945431587 77.76113988029805 38.10379234544494 38.76378472715793 38.88056994014902
 700704 2048 36929.131 37006.855 37950.993 75.62604709710757 77.55545787395334 77.71868728782164 37.81302354855379 38.77772893697667 38.85934364391082
 770768 2048 40598.154 40603.876 40820.122 77.34091848133134 77.75281670153855 77.76377536771746 38.67045924066567 38.876408350769275 38.88188768385873
 847840 2048 44795.99 45017.004 45753.002 75.9021810197285 77.14313107109483 77.52373906682271 37.95109050986425 38.571565535547414 38.76186953341136
 932624 2048 49082.041 49806.833 50715.923 75.32206214604435 76.69686414311867 77.8294428302197 37.66103107302217 38.34843207155934 38.91472141510985
 1025872 2048 54191.113 54295.063 56002.14 75.03234183550843 77.3914142433171 77.53986732104948 37.516170917754216 38.69570712165855 38.76993366052474
 1128448 1024 29758.93 29815.197 30675.173 75.33980342995946 77.51287050023517 77.65942874962238 37.66990171497973 38.75643525011758 38.82971437481119
 1241280 1024 32670.021 33134.937 34100.056 74.54947991874266 76.72087742312594 77.81266623611904 37.27473995937133 38.36043871156297 38.90633311805952
 1365408 1024 35924.911 36473.989 36602.974 76.39695025874127 76.66711705155146 77.8389008117515 38.198475129370635 38.33355852577573 38.91945040587575
 1501936 1024 39539.099 39621.115 39695.024 77.48993747931732 77.63448676292931 77.79552407099615 38.74496873965866 38.81724338146466 38.897762035498076
 1652128 1024 43589.115 43602.943 44293.88 76.38884071569255 77.59930663395818 77.62392386264324 38.194420357846276 38.79965331697909 38.81196193132162
 1817328 1024 47864.199 48775.911 48906.803 76.10163649421125 76.30585811098433 77.75932370663928 38.050818247105624 38.152929055492166 38.87966185331964
 1999056 1024 52698.135 52705.05 53282.022 76.83767496661444 77.67883130743638 77.68902425104797 38.41883748330722 38.83941565371819 38.844512125523984
 2198960 512 28908.968 29227.018 29368.877 76.67079132784 77.04292788268717 77.89053694341492 38.33539566392 38.52146394134358 38.94526847170746
 2418848 512 31883.955 32001.019 32016.039 77.3643595324206 77.40067127237417 77.68485283585427 38.6821797662103 38.700335636187084 38.842426417927136
 2660720 512 35089.016 35101.891 36665.201 74.30962344922096 77.61910262897233 77.64758293592502 37.15481172461048 38.809551314486164 38.82379146796251
 2926784 512 38617.849 38626.909 39153.099 76.5463499070661 77.58909251578996 77.60729542445515 38.27317495353305 38.79454625789498 38.80364771222757
 3219456 512 42482.853 42878.151 48169.136 68.4405662580288 76.8858466868126 77.60126053680999 34.2202831290144 38.4429233434063 38.800630268404994
 3541392 512 46607.018 47298.193 47383.07 76.53335691418897 76.6706966585383 77.80771144809137 38.266678457094486 38.33534832926915 38.903855724045684
 3895520 512 51309.109 51557.064 52927.017 75.36817123096131 77.37082313298524 77.74472326151678 37.684085615480654 38.68541156649262 38.87236163075839
 4285072 256 28332.949 28800.011 29330.015 74.80244602670678 76.17902868162099 77.43482205117441 37.40122301335339 38.089514340810496 38.717411025587204
 4713568 256 31424.046 31636.953 32128.811 75.11472540953973 76.2825299895347 76.79936619237382 37.557362704769865 38.14126499476735 38.39968309618691
 5184912 256 34085.989 35121.918 35300.016 75.20322211751972 75.58456642373575 77.88170511936737 37.60161105875986 37.792283211867876 38.940852559683684
 5703392 256 38053.989 38858.891 38969.994 74.93295236329777 75.14719614617924 76.73667809175011 37.466476181648886 37.57359807308962 38.368339045875054
 6273728 256 41671.991 41902.065 43683.052 73.53306577571549 76.65848296498037 77.08171985351024 36.76653288785774 38.32924148249018 38.54085992675512
 6901088 256 46196.938 46825.886 47096.968 75.02302602579427 75.45734545204334 76.48465913476775 37.51151301289713 37.72867272602167 38.24232956738388
 7591184 256 50456.047 52041.054 52645.922 73.82691878774581 74.68500172959602 77.03112786461453 36.913459393872905 37.34250086479801 38.515563932307266
 8350288 256 55633.068 56832.075 57746.887 74.03598147204022 75.22772054337275 76.84903259334898 37.01799073602011 37.61386027168638 38.42451629667449
 9185312 128 30619.86 31888.962 32424.927 72.51951167075873 73.73836351274149 76.79459906087094 36.259755835379366 36.86918175637074 38.39729953043547
 10103840 128 33704.996 35397.053 36221.027 71.41109058006555 73.0734007715275 76.74182901549669 35.705545290032774 36.53670038576375 38.370914507748346
 11114224 128 36994.934 38744.926 39550.066 71.94024262816654 73.43519881803363 76.90894499230625 35.97012131408327 36.71759940901681 38.45447249615312
 12225632 128 42931.795 43568.134 44996.977 69.55493459038371 71.83603025091688 72.90079047475189 34.777467295191855 35.91801512545844 36.45039523737594
 13448192 128 45899.868 47621.012 51920.176 66.30827199044934 72.29449789937264 75.00538241199298 33.15413599522467 36.14724894968632 37.50269120599649
 14793008 128 50857.067 52314.997 53277.969 71.08022544928468 72.38861254259461 74.46379178728493 35.54011272464234 36.19430627129731 37.231895893642466
 16272304 128 55821.896 56424.141 56426.048 73.82600716605211 73.82850230719507 74.62501495828805 36.913003583026054 36.91425115359753 37.312507479144024
 17899520 64 30895.233 31046.867 31404.018 72.95686048836171 73.79612764147828 74.15831950514824 36.478430244180856 36.89806382073914 37.07915975257412
 19689472 64 33761.024 34068.823 34573.078 72.89638533196263 73.97532976117196 74.64976228209191 36.44819266598132 36.98766488058598 37.32488114104596
 21658416 64 37081.003 37542.105 37886.143 73.17391078843788 73.84448069707331 74.7627362722632 36.58695539421894 36.922240348536654 37.3813681361316
 23824256 64 41252.136 41390.181 41432.858 73.60112034752707 73.6770097236347 73.92356041878655 36.800560173763536 36.83850486181735 36.961780209393275
 26206672 64 45243.979 45491.934 46520.948 72.10631253688123 73.73733585386807 74.14144578221116 36.05315626844062 36.86866792693404 37.07072289110558
 28827328 64 49475.908 49564.838 49667.12 74.29256989332177 74.4458800410081 74.57969207962792 37.146284946660884 37.22294002050405 37.28984603981396
 31710048 64 53894.043 54538.965 54618.12 74.31391164690399 74.42176696972523 75.31233357274755 37.156955823451995 37.21088348486261 37.656166786373774
 34881040 32 29263.02 29721.022 30287.027 73.7076821703233 75.1113659550469 76.2869505608102 36.85384108516165 37.55568297752345 38.1434752804051
 38369136 32 32182.932 32263.994 32536.983 75.47180093495454 76.11037567140635 76.3020816127008 37.73590046747727 38.05518783570317 38.1510408063504
 42206048 32 35360.098 35519.838 36028.862 74.97286680883788 76.04728017059087 76.39082538741833 37.48643340441894 38.02364008529543 38.195412693709166
 46426640 32 38952.112 39433.002 40349.96 73.63836197111472 75.35071664084819 76.2809718764415 36.81918098555736 37.675358320424095 38.14048593822075
 51069296 32 43620.11 43657.064 44642.925 73.21283146209618 74.86611889429854 74.92954382737686 36.60641573104809 37.43305944714927 37.46477191368843
 56176224 32 48143.864 48146.009 48470.02 74.17530126870177 74.67448311240086 74.6778101566588 37.08765063435089 37.33724155620043 37.3389050783294
 61793840 32 52042.007 52559.853 54495.811 72.57082126917976 75.2438512337544 75.99256808062763 36.28541063458988 37.6219256168772 37.99628404031382
 67973216 16 28632.164 28657.913 29170.99 74.56527570713233 75.9002552628309 75.96851261399593 37.282637853566165 37.95012763141545 37.98425630699796
 74770528 16 31573.057 31889.915 32748.938 73.06059500311125 75.02863823876609 75.78160378958553 36.53029750155562 37.514319119383046 37.890801894792766
 82247568 16 34926.891 35434.961 36608.934 71.8928930298817 74.2747304279522 75.3551805111998 35.94644651494085 37.1373652139761 37.6775902555999
 90472320 16 38341.999 38526.058 39486.885 73.31837494904954 75.14691069613195 75.50764997933466 36.65918747452477 37.57345534806598 37.75382498966733
 99519552 16 42106.867 42712.927 42968.988 74.11451403044447 74.55882534109638 75.63197860339503 37.057257015222234 37.27941267054819 37.81598930169751
 109471504 16 46553.85 46738.863 46777.01 74.88909889708641 74.95022136075497 75.24808642034976 37.444549448543206 37.47511068037748 37.62404321017488
 120418640 16 51249.027 51705.122 52342.176 73.61934054862374 74.5263975975146 75.18965150304219 36.80967027431187 37.2631987987573 37.59482575152109
 132460496 16 55870.056 56872.845 57936.907 73.16123851761712 74.5300480747886 75.86775771264666 36.58061925880856 37.2650240373943 37.93387885632333
 145706544 8 30716.181 30791.044 33076.048 70.48316969427543 75.71372714741338 75.89826039897342 35.241584847137716 37.85686357370669 37.94913019948671
 160277184 8 33886.909 33964.872 34983.873 73.3033459159882 75.50256464973576 75.67627203767685 36.6516729579941 37.75128232486788 37.838136018838426
 176304896 8 37189.007 37571.192 38995.981 72.33766823304175 75.08088473743392 75.85247801857146 36.16883411652088 37.54044236871696 37.92623900928573
 193935376 8 41007.996 41884.899 42552.948 72.92011862491879 74.08316816043893 75.66734097418464 36.46005931245939 37.041584080219465 37.83367048709232
 213328912 8 45636.177 45964.003 48213.005 70.79547503832214 74.25947196113447 74.79291247380341 35.39773751916107 37.12973598056723 37.396456236901706
 234661792 8 49695.015 51079.035 58569.908 64.10439763709378 73.5054738602638 75.55262176699212 32.05219881854689 36.7527369301319 37.77631088349606
 258127968 8 55489.063 55817.127 63300.133 65.24547883651366 73.99247704024609 74.42993744551065 32.62273941825683 36.99623852012304 37.21496872275532
 283940752 4 30008.078 30292.034 30935.049 73.42888049086329 74.98756986737834 75.69715114710112 36.714440245431646 37.49378493368917 37.84857557355056
 312334816 4 32953.024 33404.112 34327.03 72.79040825844822 74.8015252732957 75.82546985672697 36.39520412922411 37.40076263664785 37.912734928363484
 343568288 4 36351.919 37220.001 39646.149 69.32694280092626 73.84594922498793 75.60938678367984 34.66347140046313 36.92297461249397 37.80469339183992
 377925104 4 40034.056 40488.958 44279.099 68.28054093873952 74.67223117967126 75.5207224569002 34.14027046936976 37.33611558983563 37.7603612284501
 415717600 4 43698.072 43936.968 45572.042 72.9776559057854 75.69345249312606 76.10726624277612 36.4888279528927 37.84672624656303 38.05363312138806
 457289360 4 49359.083 49535.99 49821.854 73.42791538829526 73.85165573555712 74.11634612417738 36.71395769414763 36.92582786777856 37.05817306208869
 503018288 4 53479.91 53563.833 54303.169 74.10518351148163 75.12804963005543 75.24594383199224 37.05259175574081 37.564024815027715 37.62297191599612
 553320112 2 29361.01 29915.094 30447.006 72.69287653439552 73.98540843628972 75.38161827539311 36.34643826719776 36.99270421814486 37.690809137696554
 608652112 2 32529.116 32942.057 33120.871 73.50677607482002 73.9057809292237 74.8439781763513 36.75338803741001 36.95289046461185 37.42198908817565
 669517312 2 35502.911 36293.983 36614.895 73.14152472648085 73.78824330192693 75.43238491063451 36.570762363240426 36.89412165096346 37.716192455317255
 736469040 2 38952.112 39182.186 39720.058 74.16595816652635 75.18406859688737 75.62814976502429 37.082979083263176 37.592034298443686 37.814074882512145
 810115936 2 43064.117 43380.022 43519.02 74.46086203227922 74.69944906897466 75.2474210489443 37.23043101613961 37.34972453448733 37.62371052447215
 891127520 2 47281.027 47439.098 49362.898 72.21030823595486 75.13865630413125 75.38986156117124 36.10515411797743 37.56932815206562 37.69493078058562
 980240272 2 51831.961 52769.899 57486.057 68.2071669657218 74.30298640518528 75.64755437287043 34.1035834828609 37.15149320259264 37.823777186435215
 1078264288 1 28474.092 28947.115 29917.002 72.08371266612878 74.49891210229413 75.73651781415892 36.04185633306439 37.249456051147064 37.86825890707946
 1186090704 1 31882.048 32310.009 33667.088 70.45995210515383 73.41939793331534 74.40492555559794 35.229976052576916 36.70969896665767 37.20246277779897
 1304699760 1 34655.809 34918.07 36087.036 72.30850214464829 74.72920238718807 75.29472245186948 36.15425107232414 37.364601193594034 37.64736122593474
 1435169728 1 38208.961 38220.882 39298.058 73.04023664477263 75.0987236767587 75.12215409364312 36.52011832238632 37.54936183837935 37.56107704682156
 1578686688 1 41566.133 43121.099 44454.098 71.02547387194764 73.2210785258511 75.96023849512294 35.51273693597382 36.61053926292555 37.98011924756147
 1736555344 1 46018.839 46040.058 47351.837 73.34690495745708 75.436714002402 75.47149740131427 36.67345247872854 37.718357001201 37.73574870065713
 1910210864 1 50611.019 51141.977 52254.915 73.11124184203534 74.70226909687125 75.48596735426331 36.55562092101767 37.351134548435624 37.742983677131654
 2101231936 1 55493.832 55599.928 55715.084 75.42775798381636 75.58398046846392 75.72848586127554 37.71387899190818 37.79199023423196 37.86424293063777
 
META_DATA
 FLOPS          8
 OPENMP_THREADS 2
 ERT_VERSION  1.1.0
 HOSTNAME  Rezas-MacBook-Pro.local
 UNAME  uname_result(system='Darwin', node='Rezas-MacBook-Pro.local', release='21.6.0', version='Darwin Kernel Version 21.6.0: Wed Aug 10 14:28:23 PDT 2022; root:xnu-8020.141.5~2/RELEASE_ARM64_T6000', machine='arm64')
 TIMESTAMP_DATA  1705698395.749532
 CONFIG  {'ERT_RESULTS': ['Results.MyMacBookPro'], 'ERT_DRIVER': ['driver1'], 'ERT_KERNEL': ['kernel1'], 'ERT_MPI': ['False'], 'ERT_OPENMP': ['True'], 'ERT_OPENMP_CFLAGS': ['-Xpreprocessor', '-fopenmp', '-I/opt/homebrew/opt/libomp/include'], 'ERT_OPENMP_LDFLAGS': ['-L/opt/homebrew/opt/libomp/lib', '-lomp'], 'ERT_FLOPS': ['1,2,4,8,16'], 'ERT_ALIGN': ['32'], 'ERT_CC': ['clang'], 'ERT_CFLAGS': ['-O3', '-std=c++11', '-Xpreprocessor', '-fopenmp', '-I/opt/homebrew/opt/libomp/include'], 'ERT_LD': ['clang'], 'ERT_LDFLAGS': ['-L/opt/homebrew/opt/libomp/lib', '-lomp', '-lc++'], 'ERT_LDLIBS': [], 'ERT_PRECISION': ['FP64'], 'ERT_RUN': ['export', 'OMP_NUM_THREADS=ERT_OPENMP_THREADS;', './ERT_CODE'], 'ERT_PROCS_THREADS': ['1-10'], 'ERT_OPENMP_THREADS': ['1,2,4,8,10'], 'ERT_NUM_EXPERIMENTS': ['3'], 'ERT_MEMORY_MAX': ['2147483648', '#', 'Adjusted', 'to', '2GB,', 'consider', 'your', "system's", 'RAM'], 'ERT_WORKING_SET_MIN': ['1'], 'ERT_TRIALS_MIN': ['1'], 'ERT_GNUPLOT': ['gnuplot'], 'ERT_GPU': [False], 'ERT_HIP': [False], 'ERT_OCL': [False], 'ERT_SYCL': [False], 'ERT_WSS_MULT': [1.1]}
 TIMESTAMP_DATA  1705698432.276382
 TIMESTAMP_DATA  1705698475.214241
 