fp64
 16 134217728 909436.941 910078.049 911641.121 4.711247877112818 4.719339512385053 4.722666412997623 1.1778119692782045 1.1798348780962633 1.1806666032494058
 32 67108864 554361.105 554512.978 555295.944 7.734555496771286 7.745476600910142 7.747598554916655 1.9336388741928214 1.9363691502275355 1.9368996387291637
 48 33554432 339599.133 340090.036 341277.122 9.438738386922989 9.471684351258087 9.485376018318634 2.359684596730747 2.367921087814522 2.3713440045796585
 64 33554432 398722.172 399461.031 534794.092 8.031067209321378 10.751905599522672 10.771829603697082 2.0077668023303445 2.687976399880668 2.6929574009242705
 80 16777216 228250.98 228396.893 243088.007 11.042727253920017 11.753025729645104 11.760539034706444 2.760681813480004 2.938256432411276 2.940134758676611
 96 16777216 261392.832 261481.047 264456.034 12.180570899736022 12.319154711048714 12.323312186311213 3.0451427249340055 3.0797886777621786 3.0808280465778033
 112 16777216 274688.959 275613.07 282677.889 13.29462448334613 13.635407000110698 13.681279355680257 3.3236561208365325 3.4088517500276745 3.420319838920064
 128 16777216 129127.026 129136.086 145529.032 29.512786809438822 33.259233952622665 33.261567535830956 7.3781967023597055 8.314808488155666 8.315391883957739
 144 8388608 63632.965 63965.797 67648.888 35.71262108550845 37.76892053733028 37.966470743583926 8.928155271377113 9.44223013433257 9.491617685895982
 160 8388608 67954.063 68693.161 75076.103 35.75511318162052 39.07746449460959 39.50248802635981 8.93877829540513 9.769366123652398 9.875622006589953
 176 8388608 91399.908 92355.013 103228.092 28.60451994017287 31.972168267682445 32.30626901725109 7.151129985043218 7.993042066920611 8.076567254312772
 192 8388608 124716.043 124780.178 131526.947 24.490992496009206 25.81520177026835 25.828477191182213 6.122748124002301 6.453800442567087 6.457119297795553
 208 8388608 160605.907 160835.981 164248.228 21.24626226104552 21.69701646548853 21.728098257307558 5.31156556526138 5.424254116372133 5.432024564326889
 224 8388608 181474.924 181586.027 189752.102 19.80529514239584 20.695955774174188 20.7086263003477 4.95132378559896 5.173988943543547 5.177156575086925
 240 8388608 208699.942 209129.81 214241.028 18.794401229254742 19.25374407407533 19.29340181608675 4.6986003073136855 4.813436018518832 4.823350454021687
 256 8388608 72625.875 73206.902 76007.843 56.506896215960246 58.668884745320874 59.1382519797524 14.126724053990062 14.667221186330218 14.7845629949381
 272 4194304 36496.162 37085.056 40508.986 56.32580820462897 61.52616773721469 62.51894037515507 14.081452051157243 15.381541934303673 15.629735093788767
 288 4194304 36639.929 36714.077 38806.915 62.254861124621726 65.80361815986822 65.93678453907485 15.563715281155432 16.450904539967055 16.484196134768712
 304 4194304 40760.994 41240.931 44487.953 57.32196381343956 61.835093683990806 62.563165952233646 14.33049095335989 15.458773420997701 15.640791488058412
 320 4194304 61957.121 62377.93 66024.065 40.65721430511738 43.03372298503653 43.32600541590692 10.164303576279345 10.758430746259133 10.83150135397673
 352 4194304 91426.134 91634.035 96160.889 30.706767030824764 32.223725780491925 32.29700181788284 7.676691757706191 8.055931445122981 8.07425045447071
 384 4194304 38128.853 38510.084 40700.912 79.14381554889974 83.64628526907394 84.48262191364633 19.785953887224935 20.911571317268486 21.12065547841158
 416 4194304 39235.115 39237.976 42030.096 83.0276696964956 88.93580362045178 88.94228876352217 20.7569174241239 22.233950905112945 22.235572190880543
 448 4194304 54611.921 54759.026 57242.87 65.65178133101992 68.62971565637417 68.81457958602115 16.41294533275498 17.157428914093543 17.20364489650529
 480 4194304 71636.915 72178.841 74928.999 53.73796385562284 55.785487605709825 56.207499164362396 13.43449096390571 13.946371901427456 14.051874791090599
 528 2097152 22010.088 22253.036 23624.897 93.7397742728783 99.51866846393453 100.61715845933918 23.434943568219573 24.879667115983633 25.154289614834795
 576 2097152 23159.981 23539.066 23777.008 101.60736388699536 102.63445049179097 104.31438195048605 25.40184097174884 25.658612622947743 26.078595487621513
 624 2097152 28484.106 28594.017 30493.021 85.8309741104366 91.5312352230888 91.88442480869858 21.45774352760915 22.8828088057722 22.971106202174646
 672 2097152 24981.022 25017.977 26082.039 108.0656419538365 112.66187861632457 112.82854192274438 27.016410488459126 28.165469654081143 28.207135480686095
 736 2097152 27323.008 27343.988 29215.097 105.66481240846127 112.89530056844671 112.98198734195005 26.41620310211532 28.22382514211168 28.24549683548751
 800 2097152 27576.923 28059.959 32840.014 102.1754497425001 119.5811868435018 121.67576491401887 25.543862435625027 29.89529671087545 30.418941228504718
 880 2097152 29981.852 30210.972 32967.091 111.95975768683991 122.17374270513375 123.10738909657749 27.989939421709977 30.543435676283437 30.776847274144373
 960 2097152 33357.143 33453.941 35305.977 114.04674738217835 120.36046336065456 120.70973344449793 28.511686845544588 30.09011584016364 30.177433361124482
 1056 1048576 17098.904 17176.151 18564.939 119.28897326298782 128.93415480569539 129.51663521825728 29.822243315746956 32.233538701423846 32.37915880456432
 1152 1048576 19299.03 19494.057 19872.904 121.56849869551021 123.93105775775662 125.18344725097583 30.392124673877554 30.982764439439155 31.295861812743958
 1264 1048576 21534.92 21599.77 27925.968 94.9224079895816 122.72353492652931 123.09310310881119 23.7306019973954 30.680883731632328 30.773275777202798
 1376 1048576 22576.094 22747.04 24183.989 119.32196760426908 126.85963325338155 127.82021336374662 29.83049190106727 31.714908313345386 31.955053340936654
 1504 1048576 25238.037 25392.056 25975.943 121.42452761002748 124.21666870930025 124.97472002279733 30.35613190250687 31.054167177325063 31.243680005699332
 1648 1048576 26821.852 26898.146 29004.097 119.15925174295202 128.48865107654632 128.85413341330792 29.789812935738006 32.12216276913658 32.21353335332698
 1808 1048576 28895.855 29141.903 30219.078 125.47208806304415 130.10992507936083 131.21781016689073 31.36802201576104 32.52748126984021 32.80445254172268
 1984 1048576 32732.01 32788.992 37555.218 110.79018548101624 126.89470807763777 127.1156145925655 27.69754637025406 31.723677019409443 31.778903648141377
 2176 524288 17589.808 17735.004 18458.843 123.61020547170807 128.6552501482379 129.71724171179127 30.902551367927018 32.16381253705948 32.42931042794782
 2384 524288 19133.091 19458.055 20073.891 124.53017623738218 128.47148309530422 130.65349367752444 31.132544059345545 32.117870773826056 32.66337341938111
 2608 524288 20832.062 20875.931 21808.147 125.39745848191504 130.99708980643786 131.2729487844266 31.34936462047876 32.749272451609464 32.81823719610665
 2864 524288 22715.092 22853.851 23805.141 126.15433212514894 131.4054976555155 132.20821047081827 31.538583031287235 32.85137441387887 33.05205261770457
 3136 524288 24924.04 24925.947 25718.927 127.85659121782182 131.9241485990482 131.9342424422365 31.964147804455454 32.98103714976205 32.983560610559124
 3440 524288 27432.919 27536.154 29194.832 123.55273837506584 130.99510701458163 131.48806512351092 30.88818459376646 32.74877675364541 32.87201628087773
 3776 524288 30395.031 30616.999 31444.073 125.91953262543308 129.3210669014295 130.26546924725952 31.47988315635827 32.330266725357376 32.56636731181488
 4144 262144 16401.052 16466.141 17354.012 125.19580325287316 131.94648776540902 132.4701288673434 31.29895081321829 32.986621941352254 33.11753221683585
 4544 262144 18285.036 18354.893 18887.043 126.13751512081588 129.79452792233656 130.2904009595606 31.53437878020397 32.44863198058414 32.57260023989015
 4992 262144 20025.969 20040.035 20137.787 129.96689735570249 130.60085453942568 130.69258701039635 32.49172433892562 32.65021363485642 32.67314675259909
 5488 262144 21868.944 22165.06 22781.134 126.30155039692055 129.81208009362481 131.56979797469873 31.575387599230137 32.453020023406204 32.89244949367468
 6032 262144 24075.031 24161.816 24741.173 127.82357635185689 130.8885563899667 131.36037980594915 31.95589408796422 32.72213909749168 32.84009495148729
 6624 262144 26542.902 26610.136 26891.947 129.14214474690135 130.50980693973153 130.84039235800216 32.28553618672534 32.62745173493288 32.71009808950054
 7280 262144 28743.982 28894.186 29304.028 130.24887363607488 132.0963546091937 132.78663478149966 32.56221840901872 33.024088652298424 33.196658695374914
 8000 262144 31740.904 31748.056 32221.079 130.17267360909918 132.1121520007398 132.14192009150085 32.543168402274794 33.02803800018495 33.03548002287521
 8800 131072 17476.082 17549.992 17741.919 130.02354480369343 131.44548441959407 132.0013948206469 32.50588620092336 32.86137110489852 33.00034870516173
 9680 131072 19214.869 19391.06 19514.084 130.03705016335897 130.86205292542027 132.061994281616 32.50926254083974 32.71551323135507 33.015498570404
 10640 131072 21029.949 21216.869 21662.951 128.75494940647744 131.46200601040616 132.63047665973892 32.18873735161936 32.86550150260154 33.15761916493473
 11696 131072 23292.065 23298.025 23620.129 129.8060744714815 131.6006925050514 131.63436663945427 32.45151861787038 32.90017312626285 32.90859165986357
 12864 131072 25426.149 25457.144 26839.018 125.64619227126717 132.46656482753917 132.62804430195072 31.411548067816792 33.11664120688479 33.15701107548768
 14144 131072 28059.959 28969.049 29119.968 127.32722563431389 127.990557646542 132.1372114620695 31.831806408578473 31.9976394116355 33.034302865517375
 15552 131072 30985.832 32232.046 32444.0 125.65847269140673 126.484787468968 131.57185800271557 31.414618172851682 31.621196867242 32.89296450067889
 17104 65536 17066.002 17390.966 17652.035 127.0026650185092 128.90919848845658 131.36383600564443 31.7506662546273 32.227299622114145 32.84095900141111
 18800 65536 18488.169 19411.087 19711.971 125.00797611765965 126.94567800350387 133.28272799756425 31.251994029414913 31.736419500875968 33.32068199939106
 20672 65536 20494.938 21151.066 21269.083 127.3924401912391 128.1032541811368 132.20437085489112 31.848110047809776 32.0258135452842 33.05109271372278
 22736 65536 22511.959 22995.949 23068.905 129.18051342272207 129.59034619532335 132.37644009568427 32.29512835568052 32.39758654883084 33.09411002392107
 25008 65536 24902.105 25678.158 40186.882 81.56513799702101 127.6512347965146 131.62937735585004 20.391284499255253 31.91280869912865 32.90734433896251
 27504 65536 27466.059 28445.005 28503.18 126.47726632607309 126.73593441098005 131.25305993116814 31.619316581518273 31.683983602745013 32.813264982792035
 30240 65536 30009.031 30991.077 31138.897 127.28830054577719 127.89543519252331 132.0808152719093 31.822075136444298 31.973858798130827 33.020203817977325
 33264 32768 16582.012 17224.073 17786.98 122.56096897843253 126.56643431550714 131.46712859693986 30.64024224460813 31.641608578876784 32.866782149234965
 36576 32768 18301.01 18488.884 19720.793 121.54910484583453 129.6478865895854 130.97882226172217 30.387276211458634 32.41197164739635 32.74470556543054
 40224 32768 19928.932 20321.846 21399.021 123.1888161612627 129.71853364108753 132.2760328551475 30.797204040315673 32.42963341027188 33.06900821378687
 44240 32768 21984.1 22706.032 28510.094 101.69425046441447 127.68909336514635 131.88225308290993 25.423562616103617 31.922273341286587 32.97056327072748
 48656 32768 24163.961 24695.158 25110.96 126.98517364529275 129.1232725054847 131.96179285341506 31.746293411323187 32.28081812637117 32.990448213353766
 53520 32768 26591.063 26926.041 27395.01 128.03378133462994 130.26373687836247 131.90472001815047 32.008445333657484 32.565934219590616 32.97618000453762
 58864 32768 29591.084 29998.064 30079.126 128.2521009420287 128.59866903410833 130.36734659669784 32.063025235507176 32.14966725852708 32.59183664917446
 64736 32768 32518.864 32989.025 40442.944 104.90182158845805 128.6045433594961 130.46392075688743 26.225455397114512 32.15113583987402 32.61598018922186
 71200 16384 17784.119 17872.095 18025.875 129.42958940966804 130.5432631149286 131.18904568733487 32.35739735241701 32.63581577873215 32.79726142183372
 78320 16384 19625.902 19863.129 20221.949 126.91109843072 129.203699981005 130.76544252590276 31.72777460768 32.30092499525125 32.69136063147569
 86144 16384 21661.043 21899.939 22025.824 128.15713918353293 128.8938107087878 130.3153588679917 32.03928479588323 32.22345267719695 32.578839716997926
 94752 16384 23773.193 23957.968 24183.035 128.38891131737603 129.59502809253274 130.60229376844754 32.09722782934401 32.398757023133186 32.650573442111885
 104224 16384 25919.914 25943.041 26429.892 129.21778235037812 131.6427026423001 131.76016062398972 32.30444558759453 32.91067566057502 32.94004015599743
 114640 16384 28286.219 28456.926 29661.894 126.64476246864074 132.00735455403722 132.8040173909422 31.661190617160184 33.001838638509305 33.20100434773555
 126096 16384 31202.078 31304.121 31831.026 129.80774568812203 131.99264493003972 132.4243125089297 32.451936422030506 32.99816123250993 33.10607812723242
 138704 8192 17187.119 17383.099 17601.013 129.11338318993344 130.73194463196694 132.22264510998033 32.27834579748336 32.682986157991735 33.05566127749508
 152560 8192 18902.063 18995.047 19331.932 129.29608070212538 131.589200068839 132.2365204263683 32.324020175531345 32.89730001720975 33.05913010659207
 167808 8192 20993.948 21366.119 21624.088 127.14368679964677 128.67878682132212 130.959944837436 31.785921699911693 32.16969670533053 32.739986209359
 184576 8192 23025.036 23333.073 23543.835 128.4452250026387 129.60543962640497 131.33934661383375 32.11130625065967 32.40135990660124 32.83483665345844
 203024 8192 25137.186 25564.909 25568.008 130.09794177160768 130.11371235469682 132.32766849877308 32.52448544290192 32.528428088674204 33.08191712469327
 223312 8192 27985.096 28190.136 28609.991 127.88343093152318 129.78808644271885 130.73901222279173 31.970857732880795 32.44702161067971 32.68475305569793
 245632 8192 30384.064 30616.045 31329.155 128.45653475173526 131.44854888996932 132.45215281273764 32.114133687933816 32.86213722249233 33.11303820318441
 270192 4096 16998.053 17169.952 17748.117 124.71254635069175 128.9120006858493 130.21567022999633 31.178136587672938 32.22800017146233 32.553917557499084
 297200 4096 18493.891 18670.082 19388.199 125.57444866333381 130.40448349396647 131.64684489597133 31.393612165833453 32.60112087349162 32.91171122399283
 326912 4096 20359.993 20457.983 21025.896 127.36974937952702 130.90552983644577 131.53556113698076 31.842437344881755 32.72638245911144 32.88389028424519
 359600 4096 22552.013 22621.155 22868.156 128.8185719915502 130.22514544460705 130.62440146695553 32.20464299788755 32.55628636115176 32.65610036673888
 395552 4096 24595.022 24693.012 24698.973 131.1941992082019 131.22587005586846 131.74869223536373 32.79854980205047 32.806467513967114 32.93717305884093
 435104 4096 27068.138 27206.898 27261.972 130.74519950354286 131.00986257235206 131.6814613550441 32.686299875885716 32.752465643088016 32.92036533876102
 478608 4096 29777.05 29793.978 31039.0 126.31710866973806 131.59561089828287 131.67042188531101 31.579277167434515 32.89890272457072 32.917605471327754
 526464 2048 16449.928 16456.127 16741.991 128.80167860560908 131.03912870871744 131.08850956672882 32.20041965140227 32.75978217717936 32.772127391682204
 579104 2048 17976.046 18023.014 18400.192 128.91224091574696 131.61006166893063 131.9539338072455 32.22806022893674 32.90251541723266 32.988483451811376
 637008 2048 19859.076 19876.003 20072.937 129.98520186657288 131.27311200345463 131.38500341103483 32.49630046664322 32.81827800086366 32.84625085275871
 700704 2048 21878.004 22065.878 22150.993 129.56907096670565 130.06885943990082 131.18580579837175 32.39226774167641 32.517214859975205 32.79645144959294
 770768 2048 24185.896 24302.006 24384.022 129.47272308071243 129.90967609834348 130.53333761130867 32.36818077017811 32.47741902458587 32.63333440282717
 847840 2048 26567.936 26944.876 27249.098 127.4446823891198 128.88360072616405 130.7121727483836 31.86117059727995 32.22090018154101 32.6780431870959
 932624 2048 29101.849 29947.996 30308.962 126.03624974025834 127.55537645991404 131.26409610605842 31.509062435064585 31.88884411497851 32.816024026514604
 1025872 2048 32094.002 32716.99 33200.026 126.56531389463369 128.4339333172153 130.92700972599178 31.641328473658422 32.10848332930382 32.731752431497945
 1128448 1024 17616.987 18055.201 18466.949 125.1458215431255 127.99976605079057 131.18369809775075 31.286455385781377 31.999941512697642 32.79592452443769
 1241280 1024 19448.042 19798.04 20046.949 126.80939328972204 128.40369248673102 130.71451820188375 31.70234832243051 32.100923121682754 32.67862955047094
 1365408 1024 21287.203 21996.021 22731.066 123.01911331391148 127.13006520588428 131.36322249569378 30.75477832847787 31.78251630147107 32.840805623923444
 1501936 1024 23380.041 23941.994 24251.938 126.83377831495365 128.47572044333484 131.56370974713002 31.708444578738412 32.11893011083371 32.890927436782505
 1652128 1024 25631.905 26229.858 28986.931 116.72702239502347 128.99643391130826 132.00572271159714 29.181755598755867 32.249108477827065 33.001430677899286
 1817328 1024 28393.984 28851.032 30811.071 120.79709088982983 129.00362607479693 131.08015218998503 30.199272722457458 32.25090651869923 32.77003804749626
 1999056 1024 31311.989 31376.839 31574.011 129.66571424834177 130.48053336411613 130.75077051157626 32.41642856208544 32.62013334102903 32.687692627894066
 2198960 512 17302.99 17364.025 17765.999 126.74407107644213 129.6781731194236 130.13560315298105 31.68601776911053 32.4195432798559 32.53390078824526
 2418848 512 19519.806 19717.932 20083.904 123.32763351189091 125.61663931085673 126.89164800100984 30.831908377972727 31.40415982771418 31.72291200025246
 2660720 512 20804.882 21254.063 21511.793 126.65505288192388 128.19089131334562 130.95855482381492 31.66376322048097 32.047722828336404 32.73963870595373
 2926784 512 22751.093 23262.978 23737.907 126.25488911048477 128.8324657316015 131.7311135777081 31.563722277621192 32.208116432900376 32.932778394427025
 3219456 512 24949.074 25524.855 25539.16 129.08501861455116 129.15736226513334 132.1380883314547 32.27125465363779 32.289340566283336 33.034522082863674
 3541392 512 27635.098 27720.928 28199.911 128.59563308550867 130.81760495175342 131.22390258938108 32.14890827137717 32.704401237938356 32.80597564734527
 3895520 512 30304.193 30856.848 32094.955 124.28783526881405 129.27478788501014 131.63236123793166 31.071958817203512 32.318696971252535 32.908090309482915
 4285072 256 16759.872 16760.111 16896.009 129.8505974990899 130.90348053184132 130.9053472484754 32.462649374772475 32.72587013296033 32.72633681211885
 4713568 256 18339.872 18491.983 19021.034 126.8777930789672 130.50773494654413 131.59016682341075 31.7194482697418 32.62693373663603 32.89754170585269
 5184912 256 20278.931 20292.997 20502.09 129.48313776790562 130.81729347321146 130.90803178924963 32.370784441976404 32.704323368302866 32.72700794731241
 5703392 256 22341.013 22428.989 22999.048 126.96772075087631 130.19475394098237 130.70744392834828 31.741930187719078 32.54868848524559 32.67686098208707
 6273728 256 24645.805 24933.1 25186.062 127.53675965698805 128.83070039425502 130.33247386319903 31.884189914247013 32.207675098563755 32.58311846579976
 6901088 256 27126.789 27196.884 27470.827 128.6221581898499 129.9177161618956 130.25342055781093 32.155539547462475 32.4794290404739 32.56335513945273
 7591184 256 29771.09 29991.865 30436.993 127.6961297720836 129.5913477871416 130.55236499570557 31.9240324430209 32.3978369467854 32.63809124892639
 8350288 256 32876.968 33684.015 34007.072 125.71936378409762 126.92511436062479 130.04080716932293 31.429840946024406 31.731278590156197 32.51020179233073
 9185312 128 18007.04 18255.949 18292.904 128.54382617434607 128.8040337974213 130.58447540517483 32.135956543586516 32.20100844935533 32.64611885129371
 10103840 128 19809.961 20170.927 20675.182 125.10569628842927 128.23322596923782 130.56981990020068 31.276424072107318 32.058306492309455 32.64245497505017
 11114224 128 21872.997 22347.927 23439.169 121.38831986748335 127.31567200841492 130.08008660175835 30.347079966870837 31.82891800210373 32.52002165043959
 12225632 128 24087.906 24333.954 24731.159 126.55135944093846 128.61706700029103 129.93083715952727 31.637839860234614 32.15426675007276 32.48270928988182
 13448192 128 26408.911 26458.025 27036.905 127.33473568812703 130.12071581306614 130.36270795111542 31.833683922031756 32.530178953266535 32.590676987778856
 14793008 128 29515.028 29608.965 29776.096 127.18289355327171 127.90079112863283 128.3078588981857 31.795723388317928 31.975197782158208 32.07696472454643
 16272304 128 32420.874 32827.139 33336.163 124.96068680729694 126.89835151336214 128.4885109513087 31.240171701824234 31.724587878340536 32.12212773782718
 17899520 64 17853.022 18033.028 18071.89 126.77913378180145 127.05234861277873 128.3333745961888 31.694783445450362 31.763087153194682 32.0833436490472
 19689472 64 19754.171 19861.937 20024.776 125.85670950826116 126.88855150431701 127.58077349841713 31.46417737706529 31.722137876079252 31.895193374604283
 21658416 64 21995.783 22062.063 22216.082 124.78695604382447 125.65811492787415 126.03676113735075 31.19673901095612 31.414528731968538 31.509190284337688
 23824256 64 24314.165 24327.993 25114.059 121.42620067906982 125.34962370303214 125.42091278890308 30.356550169767456 31.337405925758034 31.35522819722577
 26206672 64 26636.839 26780.128 28786.182 116.53000790448695 125.25907329494467 125.93288625576031 29.132501976121738 31.314768323736168 31.483221563940077
 28827328 64 29162.884 29178.858 29479.027 125.17027729578727 126.45793005332834 126.52719751585613 31.292569323946818 31.614482513332085 31.631799378964033
 31710048 64 31749.01 32094.002 32158.136 126.21646179990034 126.46868234132967 127.84291995246464 31.554115449975086 31.617170585332417 31.96072998811616
 34881040 32 17395.973 17592.907 17627.001 126.64585200851808 126.89128408397772 128.32777792883445 31.66146300212952 31.72282102099443 32.08194448220861
 38369136 32 19026.995 19257.069 19341.946 126.95851306791985 127.51809239505764 129.06003832975202 31.739628266979963 31.87952309876441 32.265009582438005
 42206048 32 20848.036 20854.95 21369.934 126.40128284907198 129.52258681991566 129.56554142558082 31.600320712267994 32.380646704978915 32.391385356395205
 46426640 32 23001.909 23901.939 24393.082 121.80932938281435 124.31229784328377 129.17645052851915 30.45233234570359 31.078074460820943 32.29411263212979
 51069296 32 25551.081 25552.988 26442.051 123.6074669094315 127.90813129172994 127.91767769042727 30.901866727357874 31.977032822932486 31.979419422606817
 56176224 32 28299.093 28378.01 29855.967 120.42076332680833 126.6924049995049 127.04570906212435 30.10519083170208 31.673101249876225 31.761427265531086
 61793840 32 31491.995 32055.855 33194.065 119.14195384024222 123.37233744038336 125.58130280409355 29.785488460060556 30.84308436009584 31.39532570102339
 67973216 16 17363.071 17590.046 18042.088 120.55937827151713 123.65760225982356 125.2740895893359 30.139844567879283 30.91440056495589 31.318522397333975
 74770528 16 19050.121 19139.051 20453.93 116.97785687151566 125.01439575034311 125.59798943009339 29.244464217878914 31.253598937585778 31.399497357523348
 82247568 16 20945.072 20952.94 21951.199 119.89878894542387 125.61111595795148 125.65830167592644 29.97469723635597 31.40277898948787 31.41457541898161
 90472320 16 23139.954 23164.988 24459.839 118.36194997031664 124.97801596098387 125.11322364772202 29.59048749257916 31.244503990245967 31.278305911930506
 99519552 16 25386.095 25457.144 26604.891 119.70075968362359 125.09752327283846 125.44763832326318 29.925189920905897 31.274380818209615 31.361909580815794
 109471504 16 27918.1 27937.889 29790.163 117.59211012037765 125.38843317761051 125.47731142162255 29.398027530094414 31.347108294402627 31.369327855405636
 120418640 16 30882.12 32191.038 32779.932 117.55352268577006 119.70401451484727 124.77758910333876 29.388380671442516 29.92600362871182 31.19439727583469
 132460496 16 34084.082 34425.974 37066.221 114.35575997887675 123.12609868351146 124.36115697644432 28.588939994719187 30.781524670877864 31.09028924411108
 145706544 8 18696.07 18748.045 21729.946 107.28534272473571 124.3492163582923 124.69490668359714 26.82133568118393 31.087304089573074 31.173726670899285
 160277184 8 20369.053 20622.015 21604.061 118.70152301458506 124.35423715868696 125.89858468137913 29.675380753646266 31.08855928967174 31.474646170344784
 176304896 8 22462.845 22564.173 23838.997 118.33041197161104 125.01580873360614 125.57974450698474 29.58260299290276 31.253952183401534 31.394936126746185
 193935376 8 24731.159 24912.834 24981.976 124.20818977650127 124.55291180441374 125.46787702104864 31.052047444125318 31.138227951103435 31.36696925526216
 213328912 8 27284.145 27292.013 27508.02 124.08245275377871 125.06452316287553 125.10058834535589 31.020613188444678 31.266130790718883 31.275147086338972
 234661792 8 29890.06 30029.058 32119.989 116.89258897317804 125.03184988353614 125.61328655747094 29.22314724329451 31.257962470884035 31.403321639367736
 258127968 8 32972.097 33424.854 34928.083 118.24432185413669 123.5621698751474 125.25886624681469 29.56108046353417 30.89054246878685 31.314716561703673
 283940752 4 18183.947 18247.128 19551.039 116.18441434237845 124.4867694247555 124.91930470320884 29.04610358559461 31.121692356188873 31.22982617580221
 312334816 4 20058.155 20508.051 22666.931 110.23453188259143 121.83890746126973 124.57170303051305 27.558632970647857 30.459726865317432 31.142925757628262
 343568288 4 21867.99 22033.93 22509.813 122.10435972968769 124.7415374379423 125.68810869220262 30.52608993242192 31.185384359485575 31.422027173050655
 377925104 4 24173.021 24186.85 27523.994 109.84600679683334 125.00184323299645 125.0733547950006 27.461501699208334 31.250460808249112 31.26833869875015
 415717600 4 26614.189 26643.991 27608.871 120.45913793432554 124.82142033451369 124.96119269311569 30.114784483581385 31.205355083628422 31.240298173278923
 457289360 4 29146.91 29541.016 33023.119 110.78041659238791 123.83849221705847 125.51295763427409 27.695104148096977 30.95962305426462 31.378239408568522
 503018288 4 32294.035 32580.137 36428.213 110.46784820325938 123.51532788213873 124.60958514474888 27.616962050814845 30.878831970534684 31.15239628618722
 553320112 2 17755.032 19541.025 20838.976 106.2086950913519 113.2632729347616 124.65651698065089 26.552173772837975 28.3158182336904 31.164129245162723
 608652112 2 19973.04 21235.943 24169.207 100.73182988585435 114.6456480882436 121.89473650480848 25.182957471463588 28.6614120220609 30.47368412620212
 669517312 2 21543.026 21800.995 22372.007 119.70625827177685 122.84160644961388 124.31258487085331 29.92656456794421 30.71040161240347 31.07814621771333
 736469040 2 23529.053 23539.066 24163.008 121.91678122194057 125.14838779074753 125.20164581209451 30.479195305485142 31.287096947686884 31.300411453023628
 810115936 2 25884.867 26016.951 27078.152 119.67078639635379 124.5520177979349 125.18757558228907 29.917696599088448 31.138004449483724 31.296893895572268
 891127520 2 28679.132 28769.016 29563.189 120.57258369521637 123.90100794549247 124.28932925864002 30.14314592380409 30.975251986373117 31.072332314660006
 980240272 2 31414.986 31685.114 33769.131 116.11080806313907 123.74773491425658 124.81180440443296 29.02770201578477 30.936933728564146 31.20295110110824
 1078264288 1 17255.783 17264.128 18045.902 119.50239871634014 124.91384308550074 124.97425216809923 29.875599679085035 31.228460771375186 31.243563042024807
 1186090704 1 19050.121 19094.944 19922.972 119.06764753772678 124.23086488234792 124.52316749064218 29.766911884431696 31.05771622058698 31.130791872660545
 1304699760 1 21483.898 21776.199 22882.223 114.03610217416377 119.82805263673427 121.45838339020229 28.509025543540943 29.957013159183568 30.36459584755057
 1435169728 1 24425.03 24481.058 31711.817 90.51324482605334 117.24736144981969 117.51631240575753 22.628311206513334 29.311840362454923 29.379078101439383
 1578686688 1 25635.004 30447.96 33938.885 93.03114630901986 103.69737007011307 123.16648657437307 23.257786577254965 25.924342517528267 30.791621643593267
 1736555344 1 28692.007 30061.007 30429.84 114.13502956308676 115.5354073135341 121.04802177135952 28.53375739077169 28.883851828383523 30.26200544283988
 1910210864 1 30929.804 34228.086 36417.961 104.9048772390085 111.61657499633486 123.51910564968338 26.226219309752125 27.904143749083715 30.879776412420846
 2101231936 1 34092.903 41661.024 46766.043 89.86143796685984 100.87279352519036 123.26506405160042 22.46535949171496 25.21819838129759 30.816266012900105
 
META_DATA
 FLOPS          4
 OPENMP_THREADS 2
 ERT_VERSION  1.1.0
 HOSTNAME  Rezas-MacBook-Pro.local
 UNAME  uname_result(system='Darwin', node='Rezas-MacBook-Pro.local', release='21.6.0', version='Darwin Kernel Version 21.6.0: Wed Aug 10 14:28:23 PDT 2022; root:xnu-8020.141.5~2/RELEASE_ARM64_T6000', machine='arm64')
 TIMESTAMP_DATA  1705697941.414111
 CONFIG  {'ERT_RESULTS': ['Results.MyMacBookPro'], 'ERT_DRIVER': ['driver1'], 'ERT_KERNEL': ['kernel1'], 'ERT_MPI': ['False'], 'ERT_OPENMP': ['True'], 'ERT_OPENMP_CFLAGS': ['-Xpreprocessor', '-fopenmp', '-I/opt/homebrew/opt/libomp/include'], 'ERT_OPENMP_LDFLAGS': ['-L/opt/homebrew/opt/libomp/lib', '-lomp'], 'ERT_FLOPS': ['1,2,4,8,16'], 'ERT_ALIGN': ['32'], 'ERT_CC': ['clang'], 'ERT_CFLAGS': ['-O3', '-std=c++11', '-Xpreprocessor', '-fopenmp', '-I/opt/homebrew/opt/libomp/include'], 'ERT_LD': ['clang'], 'ERT_LDFLAGS': ['-L/opt/homebrew/opt/libomp/lib', '-lomp', '-lc++'], 'ERT_LDLIBS': [], 'ERT_PRECISION': ['FP64'], 'ERT_RUN': ['export', 'OMP_NUM_THREADS=ERT_OPENMP_THREADS;', './ERT_CODE'], 'ERT_PROCS_THREADS': ['1-10'], 'ERT_OPENMP_THREADS': ['1,2,4,8,10'], 'ERT_NUM_EXPERIMENTS': ['3'], 'ERT_MEMORY_MAX': ['2147483648', '#', 'Adjusted', 'to', '2GB,', 'consider', 'your', "system's", 'RAM'], 'ERT_WORKING_SET_MIN': ['1'], 'ERT_TRIALS_MIN': ['1'], 'ERT_GNUPLOT': ['gnuplot'], 'ERT_GPU': [False], 'ERT_HIP': [False], 'ERT_OCL': [False], 'ERT_SYCL': [False], 'ERT_WSS_MULT': [1.1]}
 TIMESTAMP_DATA  1705697963.689235
 TIMESTAMP_DATA  1705697986.1909199
 