fp64
 8 268435456 1183517.933 1185158.968 1192502.975 3.6016407388836913 3.6239588206870827 3.628983707169565 0.2251025461802307 0.22649742629294267 0.2268114816980978
 16 134217728 712741.852 736180.067 737379.789 5.824633872627068 5.834126035906376 6.025978808383488 0.36403961703919174 0.3646328772441485 0.376623675523968
 24 67108864 402596.951 421282.053 445130.825 7.236581452205652 7.646244241978189 8.001117405382438 0.45228634076285323 0.4778902651236368 0.5000698378364024
 32 67108864 564555.883 577431.917 578202.009 7.428143156105846 7.438049698246937 7.60769203781373 0.4642589472566154 0.46487810614043357 0.47548075236335813
 40 33554432 333703.041 337736.845 342762.947 7.831519081903565 7.948065482757738 8.044141737383807 0.4894699426189728 0.49675409267235865 0.5027588585864879
 48 33554432 367807.865 368617.058 381537.914 8.44274016762591 8.738677177549391 8.757902640282039 0.5276712604766194 0.546167323596837 0.5473689150176274
 56 33554432 412722.111 417305.946 420691.967 8.933130838697474 9.0056142741853 9.10563375171339 0.5583206774185921 0.5628508921365812 0.5691021094820868
 64 33554432 150946.856 152457.952 155610.085 27.60082867379708 28.171487545628324 28.453506153185465 1.7250517921123174 1.7607179716017702 1.7783441345740916
 72 16777216 74859.858 75057.983 77141.047 31.31820474254128 32.18737044932316 32.27255793084727 1.95738779640883 2.0117106530826976 2.0170348706779544
 80 16777216 106256.008 107510.09 110941.887 24.196042023334254 24.96839654771008 25.263084982451062 1.5122526264583909 1.56052478423188 1.5789428114031914
 88 16777216 125668.049 132877.111 134082.079 22.02225709820624 22.221961282707298 23.496744315653373 1.37639106863789 1.3888725801692061 1.4685465197283358
 96 16777216 165152.073 166334.867 166850.09 19.306105690443438 19.36590643980856 19.5046021129871 1.2066316056527149 1.210369152488035 1.2190376320616938
 104 16777216 187275.171 188265.085 192039.967 18.17153472016583 18.53589011472839 18.63386859756225 1.1357209200103644 1.1584931321705243 1.1646167873476405
 112 16777216 213183.88 217289.209 219240.904 17.141401606335283 17.295365937845535 17.628426614620206 1.0713376003959552 1.080960371115346 1.101776663413763
 120 16777216 234235.048 242192.984 242980.003 16.57145357760161 16.625303398549313 17.190133903445567 1.0357158486001006 1.039081462409332 1.074383368965348
 128 16777216 103222.847 105219.126 108146.906 39.71419483789948 40.81926413264448 41.60868858809911 2.4821371773687173 2.55120400829028 2.6005430367561946
 136 8388608 52005.053 52514.076 52859.068 43.16575116307386 43.44932920461173 43.874609184611344 2.697859447692116 2.715583075288233 2.742163074038209
 144 8388608 50626.993 51252.127 52340.984 46.15731152475085 47.13792861708939 47.71998020897666 2.8848319702969283 2.946120538568087 2.982498763061041
 152 8388608 56704.044 57569.981 57856.798 44.07670179051389 44.29629448722591 44.97275065602023 2.754793861907118 2.768518405451619 2.8107969160012645
 160 8388608 81050.873 81911.087 82113.981 32.69059089949615 32.7715655879405 33.11937873883233 2.0431619312185094 2.0482228492462813 2.0699611711770207
 176 8388608 106268.883 106877.089 108705.044 27.16332110587251 27.62790457363598 27.78602665843396 1.6977075691170318 1.7267440358522488 1.7366266661521226
 192 8388608 61815.023 62646.866 63369.036 50.832799034531625 51.41878082137421 52.110721887137366 3.1770499396582266 3.2136738013358883 3.2569201179460854
 208 8388608 60940.981 61626.196 62444.925 55.88381966989311 56.626258872119905 57.2629595181607 3.492738729368319 3.539141179507494 3.5789349698850437
 224 8388608 66706.896 67089.081 67307.949 55.83436191169635 56.01651308951451 56.33744948948008 3.4896476194810218 3.501032068094657 3.521090593092505
 240 8388608 83041.906 84066.868 86105.824 46.76259575658901 47.89677474364811 48.48795064988031 2.922662234786813 2.993548421478007 3.0304969156175194
 264 4194304 37914.991 38471.937 38473.129 57.56205875534584 57.56384223648526 58.40941679242387 3.597628672209115 3.5977401397803286 3.650588549526492
 288 4194304 38484.812 38530.111 38955.927 62.01672736474734 62.70210599704735 62.77591024739837 3.8760454602967087 3.918881624815459 3.9234943904623982
 312 4194304 43104.887 43704.033 43738.842 59.838019854297926 59.88567910883647 60.718073475056315 3.7398762408936204 3.7428549443022794 3.7948795921910197
 336 4194304 40127.993 40991.068 42237.997 66.73072797462436 68.76064531912172 70.23955292256953 4.170670498414022 4.297540332445108 4.389972057660596
 368 4194304 29572.01 29833.078 30202.15 102.21152282205075 103.47600552648305 104.38951373274932 6.388220176378172 6.467250345405191 6.524344608296833
 400 4194304 26774.883 27157.068 27166.843 123.51244493149241 123.55690238725329 125.32055508888683 7.719527808218276 7.7223063992033305 7.832534693055427
 440 4194304 29306.889 29357.91 30402.899 121.40248599319428 125.72378347096235 125.9426587380189 7.587655374574642 7.857736466935147 7.871416171126182
 480 4194304 29651.88 30016.899 30344.963 132.69193440769723 134.14216571805102 135.79347548958108 8.293245900481077 8.383885357378189 8.487092218098818
 528 2097152 15791.893 15830.994 17065.048 129.77358821375714 139.88966908837182 140.23603832675408 8.110849263359821 8.743104318023239 8.76475239542213
 576 2097152 16122.103 16381.025 16478.777 146.6079129537344 147.48277986267647 149.85136269133127 9.1629945596084 9.21767374141728 9.365710168208205
 632 2097152 20019.054 20146.847 20643.95 128.40566500112624 131.57394444897506 132.41385571965588 8.02535406257039 8.223371528060941 8.275865982478493
 688 2097152 21209.002 21226.883 22050.858 130.86480136056383 135.94464867969546 136.05926162862355 8.17905008503524 8.496540542480966 8.503703851788972
 752 2097152 22915.125 22984.982 23322.105 135.24150620194874 137.22510672403396 137.64343890770832 8.452594137621796 8.576569170252123 8.60271493173177
 824 2097152 25182.009 25264.978 26010.99 132.8710093695011 136.79436000300495 137.24506634875718 8.30443808559382 8.54964750018781 8.577816646797324
 904 2097152 25207.996 25721.788 25725.126 147.390952176483 147.4100795792268 150.41460717464412 9.211934511030188 9.213129973701674 9.400912948415257
 992 2097152 28663.874 28929.949 29316.902 141.92323486294697 143.82153138258212 145.15656774098295 8.870202178934186 8.988845711411383 9.072285483811434
 1088 1048576 14995.813 15105.009 15894.175 143.55582318679643 151.0559428332681 152.15589684934054 8.972238949174777 9.440996427079256 9.509743553083783
 1192 1048576 17082.93 17323.017 17565.012 142.3173057894865 144.30541654493555 146.33351444980457 8.894831611842907 9.019088534058472 9.145844653112785
 1304 1048576 18581.867 18599.987 18956.9 144.25809114359413 147.0262429753311 147.16961476475964 9.016130696474633 9.189140185958193 9.198100922797478
 1432 1048576 20416.975 20600.08 20613.194 145.68929317795195 145.78203890470326 147.08945198786796 9.105580823621997 9.111377431543954 9.193090749241748
 1568 1048576 22342.92 22392.988 22903.919 143.57081580667483 146.8466082328986 147.17567515794715 8.973175987917177 9.177913014556163 9.198479697371697
 1720 1048576 24803.162 24918.079 25468.826 141.62810017234403 144.7584077408214 145.42909649987368 8.851756260771502 9.047400483801338 9.089318531242105
 1888 1048576 26372.91 26653.051 26710.033 148.23729255594705 148.55421152347623 150.13219913919247 9.26483078474669 9.284638220217264 9.383262446199529
 2072 524288 14400.005 14605.999 14857.054 146.23689676297872 148.7504875222845 150.87838316722807 9.13980604768617 9.29690547014278 9.429898947951754
 2272 524288 16006.947 16044.14 16320.944 145.9697841007236 148.48815031531763 148.8331704977845 9.123111506295224 9.280509394707352 9.30207315611153
 2496 524288 17183.065 17301.798 17336.845 150.96435920145794 151.27015677792562 152.3154161379242 9.435272450091121 9.454384798620351 9.519713508620262
 2744 524288 19436.836 19462.824 19478.798 147.7140706526142 147.8353061200163 148.03296915197515 9.232129415788387 9.239706632501019 9.252060571998447
 3016 524288 20778.894 20974.874 21252.871 148.80367061937184 150.7758862341676 152.19795702312163 9.30022941371074 9.423492889635474 9.512372313945102
 3312 524288 23154.974 23288.012 23347.139 148.7498623278852 149.12753016444682 149.98434945338312 9.296866395492826 9.320470635277927 9.374021840836445
 3640 524288 25563.002 25619.03 26197.91 145.6916463946933 148.98365160585706 149.31018821654826 9.10572789966833 9.311478225366066 9.331886763534266
 4000 524288 27789.831 27848.005 27868.986 150.5007753062849 150.61416428214514 150.9294532953439 9.406298456642807 9.413385267634071 9.433090830958994
 4400 262144 15160.084 15300.989 15378.952 150.00158658405334 150.76588840107004 152.16717796550466 9.375099161503334 9.422868025066878 9.510448622844041
 4840 262144 16672.134 16805.887 16822.1 150.84644128854305 150.99196608902585 152.2033064273596 9.42790258053394 9.436997880564116 9.512706651709975
 5320 262144 17968.178 18214.941 18361.092 151.90883853749003 153.1277076329811 155.23066167309784 9.494302408593127 9.570481727061319 9.701916354568615
 5848 262144 19848.108 20115.137 20140.886 152.2294612064236 152.42432721189024 154.47498693578248 9.514341325401475 9.52652045074314 9.654686683486405
 6432 262144 23173.094 23369.789 23608.923 142.83669000911223 144.29828253905075 145.52309743360124 8.927293125569514 9.018642658690672 9.095193589600077
 7072 262144 25601.864 25828.838 26023.865 142.47555987552195 143.55135666575478 144.8240150014077 8.904722492220122 8.971959791609674 9.051500937587981
 7776 262144 27981.043 28105.021 28451.92 143.28957370890964 145.05819042085042 145.70091214970077 8.955598356806853 9.066136901303151 9.106307009356298
 8552 131072 15287.876 15574.932 15985.966 140.23897511104428 143.93998561277826 146.64270484663794 8.764935944440268 8.996249100798641 9.165169052914871
 9400 131072 16824.961 16836.882 17290.831 142.51215571998824 146.35450910685245 146.45820575750517 8.907009732499265 9.147156819178278 9.153637859844073
 10336 131072 18338.919 18357.038 18471.003 146.69048475602546 147.6011753094372 147.74700646204937 9.168155297251591 9.225073456839825 9.234187903878086
 11368 131072 19979.0 20112.991 20217.896 147.3967910409669 148.16558074331164 149.15926683017167 9.21229944006043 9.260348796456977 9.32245417688573
 12504 131072 22104.025 22387.981 23942.947 136.90246969180527 146.4110844117654 148.29193217072452 8.556404355737829 9.150692775735337 9.268245760670283
 13752 131072 24256.945 24270.058 25164.127 143.25966038877485 148.5371105417218 148.61740783928067 8.953728774298428 9.283569408857613 9.288587989955042
 15120 131072 26396.99 26649.952 27307.034 145.1500474200164 148.72887125650357 150.15413802861613 9.071877963751025 9.295554453531473 9.384633626788508
 16632 65536 14538.05 14718.056 14748.812 147.80780336748478 148.11667410424312 149.95061263374387 9.237987710467799 9.257292131515195 9.371913289608992
 18288 65536 15951.872 16250.134 16585.827 144.52367892176855 147.50922890851237 150.26730003851586 9.032729932610534 9.219326806782023 9.391706252407241
 20112 65536 17431.021 17543.077 17896.891 147.29486054309658 150.26554714432365 151.23153508908055 9.205928783943536 9.391596696520228 9.451970943067534
 22120 65536 19182.92 19222.021 19922.018 145.53308003235418 150.83287236029966 151.14031857506575 9.095817502022136 9.427054522518729 9.44626991094161
 24328 65536 20809.889 21203.995 21426.916 148.8184121317319 150.38296396504526 153.23097667652146 9.301150758233243 9.398935247815329 9.576936042282592
 26760 65536 23060.799 23265.839 23279.19 150.67047951410683 150.7569411100971 152.09736314860558 9.416904969631677 9.422308819381069 9.506085196787849
 29432 65536 25681.973 25935.173 26079.893 147.91897742831998 148.74437521585068 150.2108542828855 9.244936089269999 9.296523450990668 9.388178392680343
 32368 65536 27906.895 27913.094 28127.909 150.8302126546271 151.99097943065718 152.0247414124717 9.426888290914194 9.499436214416074 9.501546338279482
 35600 32768 15435.219 15485.048 15531.063 150.22034229080134 150.66673348380965 151.15312584810104 9.388771393175084 9.416670842738103 9.447070365506315
 39160 32768 16860.962 16995.907 17139.912 149.7317932554146 151.00045911053763 152.2089759765783 9.358237078463413 9.437528694408602 9.513060998536144
 43072 32768 18575.191 18823.147 18958.092 148.89507825998524 149.96252178235656 151.9643373788189 9.305942391249078 9.372657611397285 9.497771086176181
 47376 32768 20008.802 20349.026 20663.023 150.260372647313 152.5789753278609 155.17338499326448 9.391273290457063 9.536185957991306 9.69833656207903
 52112 32768 22408.009 22541.046 22570.133 151.3155474981029 151.51080531045454 152.41032936036396 9.45722171863143 9.469425331903409 9.525645585022747
 57320 32768 24530.888 24611.95 24824.858 151.32104763700963 152.6300646637101 153.13442872512402 9.457565477313102 9.539379041481881 9.570901795320252
 63048 32768 26954.889 27005.196 28784.037 143.54879157499693 153.00439693161272 153.28995522853015 8.971799473437308 9.562774808225795 9.580622201783134
 69352 16384 14832.02 15028.954 16505.003 137.68712044463123 151.2098803416392 153.21758843367255 8.605445027789452 9.45061752135245 9.576099277104534
 76280 16384 16114.95 16306.877 16839.027 148.4374981998663 153.28152901380196 155.10709248244643 9.277343637491644 9.580095563362622 9.694193280152902
 83904 16384 17835.855 18017.054 18899.918 145.4697460592157 152.5979925463952 154.14827447296472 9.091859128700982 9.5373745341497 9.634267154560295
 92288 16384 19855.022 20184.04 20506.144 147.47254208299717 149.8259607095507 152.30872995255305 9.217033880187323 9.36412254434692 9.519295622034566
 101512 16384 21672.01 22286.892 22564.173 147.41711189681092 149.25119285362894 153.48577340080593 9.213569493550683 9.328199553351809 9.59286083755037
 111656 16384 23900.986 24775.028 24999.857 146.35058944537164 147.67869517644945 153.07919966147006 9.146911840335727 9.22991844852809 9.567449978841879
 122816 16384 26412.964 27283.907 27806.044 144.73237142255834 147.50214065749455 152.36588699397765 9.045773213909897 9.21888379109341 9.522867937123603
 135096 8192 17474.89 17649.889 17853.975 123.97311321428423 125.40661666484135 126.66247764649734 7.748319575892764 7.8379135415525845 7.9164048529060835
 148600 8192 22336.006 22372.961 22926.807 106.19282484473307 108.82164412658656 109.00168991716782 6.637051552795817 6.80135275791166 6.812605619822989
 163456 8192 24487.972 25187.969 25982.857 103.07038613959965 106.32310624171404 109.36238835947705 6.441899133724978 6.645194140107128 6.835149272467316
 179800 8192 27563.095 27755.976 28165.817 104.58930411995506 106.13365568553598 106.8763576804419 6.536831507497191 6.633353480345999 6.679772355027619
 197776 8192 29628.038 29770.136 31023.979 104.44701448515035 108.84605915135894 109.36809194047882 6.527938405321897 6.802878696959934 6.835505746279926
 217552 8192 33493.996 33623.934 33720.016 105.70493110086305 106.00698799848941 106.41823591308724 6.606558193803941 6.625436749905588 6.651139744567953
 239304 8192 36109.209 36834.002 39343.119 99.65546290318265 106.4439518681679 108.58052127367286 6.228466431448916 6.652746991760494 6.786282579604554
 263232 4096 19896.984 20262.003 20272.97 106.36806269628968 106.42563541225417 108.378060916167 6.648003918518105 6.651602213265885 6.773628807260438
 289552 4096 21765.947 21830.797 22219.181 106.75505924363279 108.65430080266881 108.97802810968895 6.672191202727049 6.790893800166801 6.811126756855559
 318504 4096 23725.986 24057.865 24075.985 108.37291882346662 108.45454357649774 109.97160531073398 6.773307426466664 6.778408973531109 6.873225331920874
 350352 4096 26094.913 26300.907 26968.002 106.42551806396335 109.12489002755686 109.98632507416292 6.6515948789977095 6.820305626722304 6.8741453171351825
 385384 4096 28660.774 28817.177 31071.186 101.60750632434822 109.55499659109566 110.15284262734845 6.350469145271764 6.847187286943479 6.884552664209278
 423920 4096 31933.069 32024.86 32838.106 105.7537435319808 108.43927623727316 108.75098287608998 6.6096089707488 6.777454764829573 6.796936429755624
 466312 4096 34908.056 35057.068 37225.008 102.61993507160561 108.9659838067462 109.43112684361455 6.413745941975351 6.810373987921637 6.839445427725909
 512936 4096 38348.913 38827.181 38944.96 107.89513487752971 108.2224257279971 109.57212038839275 6.743445929845607 6.763901607999819 6.848257524274547
 564224 2048 20908.117 20946.026 21013.975 109.97736049462324 110.33412753330869 110.53417694190253 6.873585030913953 6.895882970831793 6.908386058868908
 620640 2048 23114.92 23380.995 23461.103 108.35558072440158 108.72682877696181 109.9783793324831 6.7722237952750985 6.795426798560113 6.873648708280194
 682704 2048 25425.911 25623.798 25913.954 107.90925938974807 109.13119062209279 109.98054638042272 6.7443287118592545 6.820699413880799 6.87378414877642
 750968 2048 27959.108 28158.188 28288.126 108.73696362919198 109.2387382313095 110.01656161562808 6.7960602268244985 6.827421139456844 6.876035100976755
 826064 2048 31008.005 31141.996 31280.994 108.16658012849592 108.64936672652583 109.11885959770711 6.760411258030995 6.790585420407864 6.819928724856695
 908664 2048 34067.869 34154.892 34260.035 108.63642561953016 108.97085383844868 109.2492091008099 6.789776601220635 6.810678364903042 6.828075568800619
 999528 2048 37589.073 37723.064 38823.128 105.45432320651751 108.52953747341414 108.91640472219149 6.590895200407345 6.783096092088384 6.807275295136968
 1099480 1024 20410.061 20878.077 23344.04 96.4586695362071 107.85164936406737 110.32475797108101 6.028666846012944 6.740728085254211 6.895297373192563
 1209424 1024 22671.938 22845.984 23855.925 103.82747061788633 108.41731973549487 109.24960856897192 6.489216913617896 6.7760824834684295 6.828100535560745
 1330360 1024 24531.841 26058.197 26158.094 104.15809653409764 104.55739819604557 111.06289495354223 6.509881033381102 6.534837387252848 6.941430934596389
 1463392 1024 27282.0 27579.784 27794.838 107.82674164173937 108.66752313941255 109.85363301810717 6.739171352608711 6.7917201962132845 6.865852063631698
 1609728 1024 30256.987 30557.871 31699.896 103.99791040323917 107.88457559756044 108.95741020082401 6.499869400202448 6.742785974847528 6.809838137551501
 1770696 1024 33274.889 33429.861 33550.024 108.08890652358401 108.4774300437564 108.98264478057311 6.755556657724001 6.779839377734775 6.811415298785819
 1947760 1024 36720.037 36813.974 36833.048 108.29982031354017 108.35593245108501 108.6331280112817 6.76873876959626 6.772245778192813 6.789570500705106
 2142536 512 20106.077 20169.02 20355.94 107.7796880910437 108.77855562640129 109.11909190440284 6.736230505690231 6.79865972665008 6.819943244025177
 2356784 512 22561.073 22577.047 24348.974 99.11492845653373 106.89382079064636 106.96950521812502 6.194683028533358 6.680863799415397 6.685594076132814
 2592456 512 24178.028 25373.936 25718.927 103.21872852627172 104.62211869691795 109.79700015236976 6.451170532891982 6.538882418557372 6.86231250952311
 2851696 512 26865.005 27728.796 27767.897 105.16232842551959 105.31062019425582 108.69667450275925 6.572645526594974 6.581913762140989 6.793542156422453
 3136864 512 29584.885 30038.834 47933.102 67.01316213584508 106.93320306640398 108.57398080134502 4.188322633490317 6.6833251916502485 6.7858738000840635
 3450544 512 32551.05 33033.848 34809.828 101.5045824414875 106.96171563179682 108.54817451357177 6.344036402592969 6.685107226987301 6.784260907098235
 3795592 512 35767.794 39713.144 39912.939 97.3791032527071 97.86901304011589 108.66440932868267 6.0861939532941935 6.116813315007243 6.791525583042667
 4175144 512 39216.995 41111.946 41826.963 102.2151059831908 103.99282622136155 109.01772193407476 6.388444123949425 6.499551638835097 6.813607620879672
 4592656 256 21578.789 24980.068 25506.02 92.19156387394034 94.13264495516987 108.9699645332275 5.761972742121271 5.883290309698117 6.8106227833267186
 5051920 256 23725.033 23989.916 33136.129 78.05930016749994 107.81959553338994 109.0233695354607 4.878706260468746 6.7387247208368715 6.813960595966294
 5557112 256 26116.848 26407.003 26643.038 106.79117539073435 107.74571215067458 108.94275388821806 6.674448461920897 6.734107009417161 6.808922118013629
 6112816 256 28700.113 28980.017 29653.072 105.54595463161456 107.99723795883212 109.05050415655157 6.59662216447591 6.749827372427007 6.815656509784473
 6724096 256 31720.877 31813.86 32721.996 105.21170994581138 108.21500918153282 108.53221845032846 6.575731871613211 6.763438073845801 6.783263653145529
 7396504 256 34765.005 35269.976 36067.963 104.9965047374591 107.37206194866704 108.93166987894868 6.562281546091194 6.71075387179169 6.808229367434293
 8136152 256 38847.923 39123.058 39963.961 104.23666022494616 106.47710166214515 107.23121089382309 6.514791264059135 6.654818853884072 6.701950680863943
 8949760 128 21753.073 21888.018 22149.086 103.44167520050263 104.675469473755 105.32482284227152 6.465104700031414 6.542216842109688 6.58280142764197
 9844736 128 24891.853 25553.942 25704.145 98.04848268635271 98.62479988410398 101.24808370031754 6.128030167897045 6.164049992756499 6.328005231269846
 10829208 128 27681.112 27790.07 28878.927 95.9965461320637 99.75783609037329 100.15050146829361 5.999784133253981 6.2348647556483305 6.259406341768351
 11912128 128 31337.976 31767.13 31919.003 95.53884775160427 95.99560199489221 97.31020178201682 5.971177984475267 5.999725124680763 6.081887611376051
 13103336 128 34516.096 34959.078 63539.982 52.79280714936305 95.9537324182291 97.18520935855551 3.2995504468351906 5.997108276139318 6.074075584909719
 14413664 128 37341.118 37746.906 40143.013 91.91880998070573 97.75365387563154 98.81594825307587 5.744925623794108 6.109603367226971 6.175996765817242
 15855024 128 39776.087 40081.978 43943.882 92.3652157995509 101.26461683103561 102.04337455315802 5.772825987471931 6.329038551939726 6.377710909572376
 17440520 64 21740.198 22368.908 22641.897 98.59538536015776 99.79863835999505 102.68473911783141 6.16221158500986 6.237414897499691 6.417796194864463
 19184568 64 24070.024 24472.952 30761.003 79.82914939412085 100.3403555075824 102.02003554296412 4.989321837132553 6.2712722192239 6.376252221435258
 21103024 64 25464.058 27611.971 28110.027 96.09336454924075 97.82666626732296 106.07842127912213 6.005835284327547 6.114166641707685 6.629901329945133
 23213320 64 29302.835 30719.995 34849.167 85.26186465231723 96.72218240920937 101.39991437688538 5.328866540769827 6.045136400575585 6.337494648555336
 25534648 64 31780.005 31887.054 35640.001 91.70692627084944 102.50037347445142 102.84563970332918 5.73168289192809 6.406273342153214 6.427852481458074
 28088112 64 33929.11 39769.888 44685.841 80.45676786076378 90.40202315882811 105.96441627852897 5.028547991297736 5.650126447426757 6.622776017408061
 30896920 64 37940.025 37995.815 38267.851 103.3453840927728 104.0852988677832 104.23835408648254 6.4590865057983 6.50533117923645 6.514897130405159
 33986608 32 20666.838 21111.012 27299.881 79.67591184738131 103.03356902075562 105.24797804095624 4.979744490461332 6.439598063797226 6.577998627559765
 37385264 32 23263.216 23522.854 30081.987 79.53786084675856 101.71626691216976 102.85151012654485 4.97111630292241 6.35726668201061 6.428219382909053
 41123784 32 26807.07 27186.155 34606.934 76.05187376610711 96.81112227896882 98.18015083334359 4.753242110381694 6.0506951424355515 6.136259427083974
 45236160 32 31792.879 32425.88 34847.975 83.07840670799379 89.28406075640814 91.06171982726067 5.192400419249612 5.580253797275509 5.691357489203792
 49759776 32 34228.802 34863.949 37636.995 84.61423830462554 91.34437593400564 93.03935510217389 5.2883898940390965 5.7090234958753525 5.814959693885868
 54735752 32 36863.089 38431.883 38852.93 90.1627786630249 91.15057224752688 95.02969563945115 5.635173666439056 5.69691076547043 5.939355977465697
 60209320 32 40612.936 40851.116 41553.974 92.73232158252782 94.32781420218727 94.8810122961807 5.7957700989079886 5.895488387636704 5.930063268511294
 66230248 32 44581.89 45656.204 54177.046 78.23859337033622 92.84030428810946 95.07752748930116 4.889912085646014 5.8025190180068416 5.942345468081323
 72853272 16 24479.866 27082.92 27796.984 83.8689803181525 86.08025663407048 95.23355658891269 5.241811269884531 5.380016039629405 5.952097286807043
 80138592 16 27087.927 27555.943 29906.988 85.74701484482489 93.06286284595667 94.67077137353478 5.359188427801556 5.816428927872292 5.9169232108459235
 88152448 16 29530.048 29968.023 30262.947 93.212281540195 94.12961061862505 95.52569423524133 5.825767596262187 5.883100663664066 5.970355889702583
 96967688 16 32757.044 33123.016 34486.055 89.97741307319725 93.68005667116785 94.72667973337276 5.623588317074828 5.85500354194799 5.920417483335798
 106664456 16 36118.984 36401.987 40542.126 84.1905180798856 93.76583184868451 94.50051507539636 5.26190737999285 5.860364490542782 5.906282192212273
 117330896 16 39566.994 40917.158 41378.021 90.73872024957404 91.76073939446137 94.89193624362771 5.671170015598378 5.7350462121538355 5.930746015226732
 129063984 16 45221.806 46186.924 49574.852 83.30932562340277 89.42027592051811 91.32867201278958 5.206832851462673 5.588767245032382 5.708042000799349
 141970376 8 23859.978 24590.015 26803.017 84.74889285784508 92.3759508076754 95.20235165346759 5.296805803615317 5.773496925479712 5.950146978341724
 156167408 8 26340.008 26460.886 27837.992 89.75785782250387 94.42913317414995 94.86248174260236 5.609866113906492 5.901820823384372 5.928905108912647
 171784144 8 29572.964 30338.049 30560.017 89.93929237670254 90.597332214738 92.94118452245775 5.621205773543909 5.662333263421125 5.808824032653609
 188962552 8 31757.832 31960.964 35223.961 85.8336412534638 94.59667211539677 95.20173896001465 5.364602578341487 5.912292007212298 5.950108685000916
 207858800 8 34963.131 35097.837 38398.981 86.61013165948337 94.75628939754893 95.12136656182194 5.413133228717711 5.922268087346808 5.9450854101138715
 228644680 8 38464.069 39164.066 43498.039 84.10298404486694 93.40998659332256 95.10992921731706 5.256436502804184 5.83812416208266 5.944370576082316
 251509144 8 43448.925 43452.024 50873.041 79.1017447531788 92.61125106623342 92.61785657527774 4.943859047073675 5.788203191639589 5.788616035954859
 276660056 4 24123.907 24295.092 25290.012 87.51599042341302 91.09989984808453 91.74635136837495 5.4697494014633135 5.693743740505283 5.734146960523434
 304326056 4 25726.08 26432.991 27568.102 88.31251596500913 92.10491722257234 94.63581113018384 5.51953224781307 5.756557326410771 5.91473819563649
 334758656 4 28380.871 32168.865 33303.976 80.41289868813261 83.25034930514333 94.36177092662167 5.025806168008288 5.203146831571458 5.897610682913855
 368234520 4 31080.961 32247.066 36242.008 81.28346972386299 91.35330823585626 94.78072959198398 5.080216857741437 5.709581764741016 5.923795599498999
 405057968 4 34214.02 35027.027 47379.971 68.39311370621142 92.51323967632193 94.71157566401142 4.274569606638214 5.782077479770121 5.919473479000714
 445563760 4 37956.953 38691.044 39077.997 91.21527083386592 92.12752387865264 93.90927875585797 5.70095442711662 5.75797024241579 5.869329922241123
 490120136 4 41216.135 41513.205 43800.831 89.51796115466394 94.45093646708317 95.13170237820698 5.594872572166496 5.903183529192698 5.945731398637936
 539132144 2 22834.063 22974.968 23603.916 91.36316939951827 93.86426897308408 94.44348892266787 5.710198087469892 5.866516810817755 5.902718057666742
 593045352 2 25307.178 26733.16 27037.144 87.73786935484014 88.73554072919175 93.73551677709779 5.483616834677509 5.545971295574485 5.858469798568612
 652349880 2 27311.802 28136.969 29587.984 88.1911900452562 92.73918310106536 95.54109684890071 5.511949377828513 5.796198943816585 5.971318553056294
 717584864 2 30164.003 30650.139 33720.97 85.1203110705297 93.64849718952335 95.1577765059896 5.320019441908106 5.85303107434521 5.94736103162435
 789343344 2 33164.024 34095.049 34260.988 92.15651854523284 92.60503998689076 95.20477297929828 5.759782409077053 5.787814999180672 5.950298311206143
 868277672 2 36592.96 37656.069 40822.029 85.07932538091136 92.23242840350647 94.91199094033387 5.31745783630696 5.764526775219155 5.931999433770867
 955105432 2 40335.178 41392.088 45502.901 83.95995956389682 92.29835730925195 94.71686794093236 5.247497472743551 5.768647331828247 5.9198042463082725
 1050615968 2 50334.93 50451.04 64798.832 64.85400650431477 83.29786406781703 83.49001125063648 4.053375406519673 5.206116504238564 5.21812570316478
 1155677560 1 24938.107 27307.987 37504.911 61.6280657218464 84.6402600089124 92.68366359964692 3.8517541076154 5.290016250557025 5.7927289749779325
 1271245312 1 27778.149 29016.018 37311.792 68.1417452155608 87.62369198971409 91.52843927793748 4.25885907597255 5.476480749357131 5.7205274548710925
 1398369840 1 29210.091 31694.889 74499.846 37.540207532777984 88.23945337054187 95.74566816652505 2.346262970798624 5.514965835658867 5.984104260407816
 1538206824 1 32380.819 40266.037 40319.92 76.30009305574019 76.40219592506708 95.00728341676596 4.768755815983762 4.775137245316692 5.937955213547872
 1692027504 1 44437.885 45249.939 79287.052 42.68105475784369 74.7858468494289 76.15247683367468 2.6675659223652306 4.674115428089307 4.759529802104668
 1861230248 1 39467.096 59786.797 370052.099 10.059287613985404 62.26224990778483 94.3180743777044 0.6287054758740878 3.8913906192365517 5.894879648606525
 2047353272 1 50184.965 65613.985 69910.049 58.571072436238744 62.40600298853972 81.59229649756655 3.6606920272649215 3.9003751867837324 5.099518531097909
 
META_DATA
 FLOPS          1
 OPENMP_THREADS 1
 ERT_VERSION  1.1.0
 HOSTNAME  ('localhost', ['1.0.0.0.0.0.0.0.0.0.0.0.0.0.0.0.0.0.0.0.0.0.0.0.0.0.0.0.0.0.0.0.ip6.arpa'], ['::1'])
 UNAME  uname_result(system='Darwin', node='Rezas-MacBook-Pro.local', release='21.6.0', version='Darwin Kernel Version 21.6.0: Wed Aug 10 14:28:23 PDT 2022; root:xnu-8020.141.5~2/RELEASE_ARM64_T6000', machine='arm64')
 TIMESTAMP_DATA  1705686666.815653
 CONFIG  {'ERT_RESULTS': ['Results.MyMacBookPro'], 'ERT_DRIVER': ['driver1'], 'ERT_KERNEL': ['kernel1'], 'ERT_MPI': ['False'], 'ERT_OPENMP': ['True'], 'ERT_OPENMP_CFLAGS': ['-Xpreprocessor', '-fopenmp', '-I/opt/homebrew/opt/libomp/include'], 'ERT_OPENMP_LDFLAGS': ['-L/opt/homebrew/opt/libomp/lib', '-lomp'], 'ERT_FLOPS': ['1,2,4,8,16'], 'ERT_ALIGN': ['32'], 'ERT_CC': ['clang'], 'ERT_CFLAGS': ['-O3', '-std=c++11', '-Xpreprocessor', '-fopenmp', '-I/opt/homebrew/opt/libomp/include'], 'ERT_LD': ['clang'], 'ERT_LDFLAGS': ['-L/opt/homebrew/opt/libomp/lib', '-lomp', '-lc++'], 'ERT_LDLIBS': [], 'ERT_PRECISION': ['FP64'], 'ERT_RUN': ['export', 'OMP_NUM_THREADS=ERT_OPENMP_THREADS;', './ERT_CODE'], 'ERT_PROCS_THREADS': ['1-10'], 'ERT_OPENMP_THREADS': ['1,2,4,8,10'], 'ERT_NUM_EXPERIMENTS': ['3'], 'ERT_MEMORY_MAX': ['2147483648', '#', 'Adjusted', 'to', '2GB,', 'consider', 'your', "system's", 'RAM'], 'ERT_WORKING_SET_MIN': ['1'], 'ERT_TRIALS_MIN': ['1'], 'ERT_GNUPLOT': ['gnuplot'], 'ERT_GPU': [False], 'ERT_HIP': [False], 'ERT_OCL': [False], 'ERT_SYCL': [False], 'ERT_WSS_MULT': [1.1]}
 TIMESTAMP_DATA  1705686711.383929
 TIMESTAMP_DATA  1705686756.803473
 