fp64
 32 67108864 309112.072 309651.852 339478.97 12.651644654159286 13.870310376829266 13.894531094211036 1.5814555817699107 1.7337887971036583 1.7368163867763795
 64 33554432 187154.055 187607.05 196475.029 21.86011788805996 22.893421627811964 22.948833761576797 2.732514736007495 2.8616777034764955 2.8686042201970996
 96 16777216 98178.864 113722.086 122026.92 26.397662679677566 28.32541668291241 32.80976516493407 3.2997078349596958 3.5406770853640515 4.101220645616759
 128 16777216 146146.059 147915.84 148701.906 28.883068223752293 29.036560898413587 29.38818415897209 3.6103835279690366 3.6295701123016983 3.6735230198715114
 160 8388608 85252.047 86728.096 94985.008 28.26082364492721 30.95138350552513 31.487273965398153 3.5326029556159013 3.868922938190641 3.935909245674769
 192 8388608 95538.139 96123.934 104955.196 30.691434009613015 33.51116977796602 33.716644532923134 3.836429251201627 4.188896222245752 4.214580566615392
 224 8388608 103867.054 105443.001 105688.095 35.55836997535058 35.64102262226015 36.18179431564507 4.4447962469188225 4.455127827782519 4.522724289455634
 256 8388608 38169.146 38577.08 39227.962 109.48739309985058 111.3346913763302 112.52458454270892 13.685924137481322 13.916836422041275 14.065573067838615
 288 4194304 19047.022 19149.065 20244.837 119.335073134943 126.1638155178856 126.8397287512977 14.916884141867875 15.7704769397357 15.854966093912212
 320 4194304 27266.979 27694.941 28355.837 94.66673686973162 96.92580894106257 98.4470835584683 11.833342108716453 12.115726117632821 12.305885444808537
 352 4194304 34271.002 34353.971 34909.01 84.58532671078325 85.95192724590703 86.1600141133895 10.573165838847906 10.743990905738379 10.770001764173687
 384 4194304 40929.079 40962.934 42218.924 76.29814232120175 78.63756712348778 78.70261317143246 9.537267790150219 9.829695890435973 9.837826646429058
 416 4194304 47225.952 48830.986 50205.946 69.50692509608324 71.46406849126495 73.89286568537571 8.688365637010405 8.93300856140812 9.236608210671964
 448 4194304 53925.991 54327.011 56386.948 66.6483382643799 69.17546750363276 69.68989005691152 8.331042283047488 8.646933437954095 8.71123625711394
 480 4194304 59702.158 59709.072 61814.07 65.139406610825 67.43584693461656 67.44365655928215 8.142425826353126 8.42948086682707 8.430457069910268
 512 4194304 26587.009 26665.926 27625.799 155.4694326126097 161.06574720112852 161.5438312748907 19.43367907657621 20.133218400141065 20.192978909361337
 544 2097152 13221.025 13240.099 13713.837 166.37950239601068 172.33265219542542 172.58127686771638 20.797437799501335 21.541581524428178 21.572659608464548
 576 2097152 12969.971 13056.993 13303.995 181.5935066121116 185.02875080043313 186.27020091255406 22.69918832651395 23.12859385005414 23.283775114069257
 608 2097152 14642.0 14687.061 16278.982 156.65210711578894 173.63152723339272 174.16588116377545 19.581513389473617 21.70394090417409 21.77073514547193
 640 2097152 20915.985 21085.024 24718.046 108.59897906169445 127.31095587085886 128.33985872527637 13.574872382711806 15.913869483857358 16.042482340659546
 704 2097152 27130.842 27190.208 31509.161 93.71211172522175 108.59755158916032 108.83517791301868 11.714013965652718 13.57469394864504 13.604397239127335
 768 2097152 15955.925 16022.205 19264.221 167.21285911327533 201.0475756614024 201.88271579366287 20.901607389159416 25.1309469576753 25.23533947420786
 832 2097152 15722.99 15729.904 21039.963 165.85870079714496 221.84883823830077 221.9463936566773 20.73233759964312 27.731104779787596 27.74329920708466
 896 2097152 17091.036 17102.003 18915.892 198.67402414858364 219.7459785266088 219.88698543493794 24.834253018572955 27.4682473158261 27.485873179367243
 960 2097152 21407.843 22171.021 23510.933 171.2621034648008 181.6123777069175 188.08676053911643 21.4077629331001 22.701547213364687 23.510845067389553
 1056 1048576 9791.136 10565.996 11401.892 194.23026564363175 209.5961906478102 226.18340833995154 24.27878320545397 26.199523830976275 28.272926042493943
 1152 1048576 9775.877 9862.185 10199.785 236.85980675082857 244.96793601012354 247.13067727836588 29.60747584385357 30.620992001265442 30.891334659795735
 1248 1048576 11209.965 11862.04 11895.18 220.02573277579657 220.64043756385914 233.47492128655173 27.50321659697457 27.580054695482392 29.184365160818967
 1344 1048576 10414.124 10603.905 11051.178 255.0472255536921 265.8051244329329 270.64900398727724 31.880903194211513 33.225640554116616 33.831125498409655
 1472 1048576 7698.059 7749.081 8025.885 384.6314448811564 398.37081893969105 401.0111826890389 48.07893061014455 49.79635236746138 50.12639783612986
 1600 1048576 6916.046 6957.054 7330.894 457.71268824784534 482.3080574047578 485.16785458049293 57.21408603098067 60.288507175594724 60.645981822561616
 1760 1048576 7503.986 7570.028 7750.034 476.25436481956086 487.57911067171744 491.8702566875792 59.53179560244511 60.94738883396468 61.4837820859474
 1920 1048576 7602.93 7704.02 8070.946 498.89217942977183 522.6533472135326 529.6026452959583 62.36152242872148 65.33166840169157 66.20033066199478
 2112 524288 4048.824 4439.831 4652.023 476.0493471334944 498.80108319438284 546.9717903272654 59.5061683916868 62.350135399297855 68.37147379090817
 2304 524288 4178.047 4366.875 4475.117 539.8560761651595 553.2375220266208 578.2412462090541 67.48200952064494 69.1546902533276 72.28015577613176
 2528 524288 5351.067 5352.974 5480.051 483.7181493383912 495.2013830069042 495.37786164890105 60.4647686672989 61.90017287586303 61.92223270611263
 2752 524288 5445.957 5736.828 5769.968 500.1208242402731 503.0098779325439 529.8758605695932 62.51510303003414 62.876234741567984 66.23448257119915
 3008 524288 5867.958 6180.048 8512.02 370.5485428840627 510.3708916176703 537.5151983023737 46.31856786050784 63.796361452208785 67.18939978779672
 3296 524288 6412.029 7033.11 8538.008 404.79073057790526 491.4051530546231 539.003565953928 50.59884132223816 61.42564413182789 67.375445744241
 3616 524288 6547.928 6711.006 7297.993 519.5470612262851 564.9899308687848 579.0611649975382 64.94338265328564 70.6237413585981 72.38264562469227
 3968 524288 7405.996 7462.025 9538.889 436.18806844277145 557.589872454193 561.808238621787 54.52350855534643 69.69873405677413 70.22602982772338
 4352 262144 3875.971 3889.084 5037.069 452.9819575630192 586.6937757065674 588.6786500724593 56.6227446953774 73.33672196332093 73.58483125905741
 4768 262144 4419.088 4436.97 4605.77 542.7551058780616 563.4036705229018 565.683503926602 67.8443882347577 70.42545881536273 70.71043799082526
 5216 262144 4726.887 4772.902 5238.056 522.0803687474895 572.9608963268049 578.5385197488325 65.26004609343619 71.62011204085061 72.31731496860407
 5728 262144 5193.949 5249.023 5494.118 546.6066917383281 572.1296446976894 578.1962171750242 68.32583646729101 71.51620558721118 72.27452714687803
 6272 262144 5775.928 5842.924 6364.107 516.7000391413909 562.7891678892281 569.3170579688667 64.58750489267386 70.34864598615351 71.16463224610834
 6880 262144 6325.006 6373.882 7682.085 469.54719194072965 565.9190803971583 570.2921767979351 58.693398992591206 70.73988504964478 71.28652209974189
 7552 262144 6795.168 7065.058 7146.835 554.0106880878039 560.4232797522682 582.6821317736368 69.25133601097549 70.05290996903352 72.8352664717046
 8288 131072 3699.064 3921.032 4420.996 491.4389137651334 554.101438600858 587.3511439650679 61.429864220641676 69.26267982510726 73.41889299563348
 9088 131072 4110.098 4270.077 8795.977 270.84707838594846 557.9207756675113 579.6369507491063 33.85588479824356 69.74009695843891 72.45461884363829
 9984 131072 4373.074 4431.963 5030.87 520.2371947595545 590.5387062121232 598.4910605217292 65.02964934494432 73.8173382765154 74.81138256521615
 10976 131072 5050.898 5187.035 5234.003 549.7307785264929 554.7085269330166 569.6596019163325 68.71634731581162 69.33856586662708 71.20745023954156
 12064 131072 5325.079 5832.911 6159.067 513.4714748191569 542.1830053638741 593.888882399679 64.18393435239462 67.77287567048427 74.23611029995988
 13248 131072 6089.926 6106.853 6150.961 564.6083127498288 568.6863122462585 570.2669805840004 70.5760390937286 71.08578903078231 71.28337257300005
 14560 131072 6750.107 6778.002 6844.044 557.6844099774928 563.1182522519173 565.4453536810602 69.7105512471866 70.38978153148966 70.68066921013252
 16000 131072 7135.868 7143.021 7297.039 574.7953382186939 587.1890898822782 587.7776887128517 71.84941727733674 73.39863623528477 73.47221108910647
 17600 65536 3939.152 3964.901 4024.029 573.2730057362907 581.8221438568075 585.6253325588857 71.65912571703633 72.72776798210094 73.20316656986071
 19360 65536 4328.012 4353.046 4633.904 547.606061756998 582.9375384500876 586.309354040608 68.45075771962475 72.86719230626095 73.288669255076
 21280 65536 4760.027 5105.019 5320.072 524.280904468962 546.3666560300754 585.965617421918 65.53511305862025 68.29583200375943 73.24570217773974
 23392 65536 5198.956 5423.069 5574.942 549.9673761628371 565.3692077308991 589.7407525664768 68.74592202035464 70.67115096636239 73.7175940708096
 25728 65536 6094.933 6416.082 6522.894 516.9822499031872 525.5887340591969 553.2826063879619 64.6227812378984 65.69859175739961 69.16032579849524
 28288 65536 6546.021 6866.932 7215.023 513.89506810997 539.9448743631071 566.4150383874418 64.23688351374625 67.4931092953884 70.80187979843022
 31104 65536 7477.999 7488.012 7771.015 524.6243235922205 544.4520505576113 545.181068892895 65.57804044902757 68.05650631970141 68.14763361161188
 34208 32768 3929.138 4081.964 4239.082 528.8540037677969 549.2100096914133 570.5718373851976 66.10675047097462 68.65125121142667 71.3214796731497
 37600 32768 4306.078 4372.835 4992.008 493.6197217632664 563.5139674833374 572.2501078707817 61.7024652204083 70.43924593541718 71.53126348384771
 41344 32768 4676.819 4886.866 4922.867 550.3947971781485 554.4494946249805 579.3511324684578 68.79934964726856 69.30618682812256 72.41889155855722
 45472 32768 5198.002 5295.038 6802.082 438.10894840726706 562.801058651515 573.3073961879968 54.76361855090838 70.35013233143937 71.6634245234996
 50016 32768 5626.917 5674.124 5839.109 561.3610871110643 577.6836346896895 582.5301094720252 70.17013588888304 72.21045433621119 72.81626368400315
 55008 32768 6221.056 6403.923 6557.941 549.7158769802901 562.936857298253 579.4843010575696 68.71448462253626 70.36710716228163 72.4355376321962
 60480 32768 6803.989 6844.997 10205.984 388.3620903187777 579.0531800086983 582.5431640174609 48.54526128984721 72.38164750108729 72.81789550218261
 66528 16384 3709.078 3751.993 3963.947 549.9542511542157 581.0217407122028 587.7443138159941 68.74428139427697 72.62771758902535 73.46803922699927
 73152 16384 4052.877 4103.899 4288.912 558.8934293825565 584.0896025949955 591.4427543693035 69.86167867281956 73.01120032437444 73.93034429616294
 80448 16384 4477.024 4585.028 4648.924 567.0387521929806 574.9408867295903 588.8107957428863 70.87984402412258 71.86761084119878 73.60134946786079
 88480 16384 4914.045 4981.995 5163.193 561.534817699048 581.9581593317538 590.0053092716897 70.191852212381 72.74476991646922 73.75066365896122
 97312 16384 5488.157 5601.168 5662.918 563.0877254447266 569.295478371654 581.0182937550802 70.38596568059083 71.16193479645675 72.62728671938503
 107040 16384 5913.973 5942.822 5987.883 585.7640705404565 590.205582465704 593.0846691386653 73.22050881755706 73.775697808213 74.13558364233316
 117728 16384 6524.086 6692.886 6711.006 574.8335054386779 576.3897822254853 591.3029202864585 71.85418817983474 72.04872277818566 73.91286503580731
 129472 16384 7198.811 7291.079 8095.98 524.030258968031 581.8807471431869 589.3387805291735 65.50378237100388 72.73509339289836 73.66734756614669
 142400 8192 3926.039 4164.934 4275.084 545.7393585716678 560.1725261432713 594.2583861240298 68.21741982145848 70.02156576790891 74.28229826550373
 156640 8192 4335.88 4407.883 4608.87 556.8370902195114 582.2272868857908 591.8959380794671 69.60463627743893 72.77841086072385 73.98699225993339
 172288 8192 4754.066 4757.881 4823.208 585.246705512182 593.2823019323097 593.758393762308 73.15583818902275 74.16028774153871 74.2197992202885
 189504 8192 5318.88 5367.041 6489.038 478.47362521224255 578.5000591573644 583.7382185723311 59.80920315153032 72.31250739467055 72.96727732154139
 208448 8192 5753.994 5828.857 5934.954 575.4403542133604 585.9145338442854 593.5376422012258 71.93004427667005 73.23931673053568 74.19220527515323
 229280 8192 6350.994 6438.017 6829.977 550.0052957718599 583.4907736341796 591.4859185821937 68.75066197148249 72.93634670427245 73.93573982277421
 252192 8192 6887.913 7035.971 7750.988 533.0821990693315 587.2556507126025 599.8789078781919 66.63527488366644 73.40695633907531 74.98486348477398
 277408 4096 3787.994 3996.134 4168.987 545.1027638128878 568.6812143937115 599.9287052725003 68.13784547661098 71.08515179921393 74.99108815906254
 305120 4096 4189.968 4213.81 4474.163 558.66159547607 593.1788666313857 596.5542075739004 69.83269943450875 74.14735832892322 74.56927594673755
 335616 4096 4622.936 4631.042 4903.078 560.7429194477428 593.681998997202 594.7229795091259 70.09286493096785 74.21024987465024 74.34037243864074
 369152 4096 5054.951 5111.933 6443.024 469.35929215846465 591.5752776884987 598.243817595858 58.66991151980808 73.94690971106233 74.78047719948225
 406048 4096 5599.976 5811.93 6480.932 513.2510595698272 572.3305710839601 593.9927628261264 64.1563824462284 71.54132138549501 74.2490953532658
 446624 4096 6220.102 6366.968 6795.883 538.3765153108139 574.6446044647939 588.2128312365296 67.29706441385174 71.83057555809924 73.5266039045662
 491264 4096 6685.972 6773.949 7916.927 508.3329286729562 594.1046630259543 601.9221570177082 63.541616084119525 74.26308287824429 75.24026962721352
 540384 2048 4386.187 4715.204 4759.073 465.09327845990174 469.42038223584814 504.632580416658 58.13665980748772 58.67754777948102 63.07907255208225
 594400 2048 5839.109 6179.094 6205.082 392.36587042685335 394.01608067461024 416.9578612079343 49.04573380335667 49.25201008432628 52.119732650991786
 653824 2048 6331.205 6487.131 6802.797 393.67088331461315 412.8270423396722 422.99421737252226 49.208860414326644 51.60338029245902 52.87427717156528
 719200 2048 6991.148 7377.863 7736.921 380.7513609095918 399.2813637228016 421.3675922752601 47.59392011369898 49.9101704653502 52.67094903440751
 791104 2048 7635.117 7896.185 8271.933 391.7297183137243 410.3705756640707 424.40240064428616 48.966214789215535 51.29632195800884 53.05030008053577
 870208 2048 8511.066 8522.987 9007.931 395.6926366332069 418.20689952947254 418.79265981488095 49.461579579150865 52.27586244118407 52.34908247686012
 957216 2048 9234.19 9675.026 9783.03 400.7712064667082 405.2450852328459 424.59129994076363 50.09640080833852 50.65563565410574 53.073912492595454
 1052928 1024 5106.926 5283.117 5300.999 406.7905962630818 408.1674784033744 422.24942049287574 50.848824532885224 51.0209348004218 52.78117756160947
 1158208 1024 5600.929 5720.854 6066.084 391.02821259975957 414.6251563140748 423.502955313306 48.878526574969946 51.82814453925935 52.93786941416325
 1274016 1024 6162.167 6311.178 6394.148 408.05823825160127 413.4227822444558 423.42000273605044 51.00727978145016 51.677847780556974 52.927500342006304
 1401408 1024 6752.014 6865.025 7061.005 406.469558370232 418.0732894636218 425.07073948602596 50.808694796279 52.259161182952724 53.133842435753245
 1541536 1024 7472.992 7548.094 7672.071 411.5011094136121 418.25999093281035 422.46341599188116 51.43763867670151 52.282498866601294 52.807926998985145
 1695680 1024 8395.91 8397.102 8489.847 409.0477295998385 413.56561346998046 413.62432898875767 51.13096619997981 51.69570168374756 51.70304112359471
 1865248 1024 9290.934 9335.041 9646.893 395.98530884503435 409.2138324834353 411.1564998739632 49.498163605629294 51.15172906042941 51.3945624842454
 2051744 1024 10066.986 10097.027 10253.906 409.7922988566503 416.1593023372127 417.4011677377916 51.224037357081286 52.01991279215159 52.17514596722395
 2256896 512 5524.874 5571.842 6101.131 378.79230981927776 414.77513253247315 418.30121447113544 47.34903872740972 51.846891566559144 52.28765180889193
 2482560 512 6089.926 6211.996 6424.904 395.6699493097484 409.23101689054533 417.43388014895413 49.45874366371855 51.15387711131817 52.179235018619266
 2730816 512 6661.892 6953.001 10864.019 257.3960505775993 402.17966083997396 419.75396539001235 32.17450632219991 50.272457604996745 52.469245673751544
 3003872 512 7330.894 7423.162 7462.978 412.1632045545357 414.3739457659687 419.5893335792333 51.52040056931696 51.79674322074609 52.448666697404164
 3304256 512 8071.899 8089.066 8229.017 411.17403743363275 418.28786463109583 419.17746294892936 51.39675467920409 52.28598307888698 52.39718286861617
 3634656 512 8731.842 8991.957 9003.162 413.39784222476504 413.9129829023871 426.24313907649724 51.67473027809563 51.73912286279839 53.280392384562155
 3998112 512 9737.968 9799.004 9988.07 409.895674339487 417.8043695053089 420.42309935707317 51.23695929243588 52.22554618816361 52.552887419634146
 4397920 256 5370.855 5377.054 5603.075 401.8748704952191 418.7674217145671 419.25075988832316 50.23435881190239 52.34592771432089 52.406344986040395
 4837696 256 5897.999 5940.914 6302.118 393.02665421371034 416.92243853386873 419.95604814446386 49.12833177671379 52.11530481673359 52.49450601805798
 5321440 256 6393.194 7147.074 7513.046 362.6461597599695 381.21576466117466 426.1684034615561 45.33076996999619 47.65197058264683 53.271050432694516
 5853568 256 7043.123 7080.078 8069.992 371.3791557662015 423.3042087954398 425.52526996901804 46.42239447077519 52.91302609942998 53.190658746127255
 6438912 256 7776.022 7920.027 8789.062 375.0938318560046 416.25147793056766 423.96008447506966 46.88672898200058 52.03143474132096 52.99501055938371
 7082784 256 8974.075 9087.086 10096.073 359.18771664983007 399.0702198702643 404.09573220638333 44.89846458122876 49.883777483783035 50.51196652579792
 7791040 256 9454.012 10196.209 10336.876 385.90116394934023 391.2250602160077 421.9385886119035 48.23764549366753 48.90313252700096 52.74232357648794
 8570144 128 5213.022 5299.091 5821.943 376.84272484289176 414.025134499483 420.86084885120374 47.10534060536147 51.75314181243537 52.60760610640047
 9427136 128 5746.126 5766.869 6709.814 359.6741751708765 418.48476460970414 419.9954571131924 44.95927189635956 52.31059557621302 52.49943213914905
 10369824 128 6260.157 6277.084 7554.054 351.42387703344457 422.9153129064387 424.05884453057644 43.92798462918057 52.86441411330484 53.007355566322055
 11406784 128 6974.936 8939.981 8971.93 325.4747533696763 326.63790940942715 418.6614334525794 40.68434417120954 40.829738676178394 52.33267918157242
 12547456 128 7550.955 9796.858 9872.913 325.34964462869266 327.8754000517309 425.39635529545603 40.66870557858658 40.98442500646636 53.174544411932004
 13802176 128 8466.005 8602.142 9045.124 390.63666302418846 410.75316543251665 417.3582529185844 48.82958287802356 51.34414567906458 52.16978161482305
 15182368 128 9428.024 9612.083 13459.921 288.75995691207993 404.3542079276677 412.2482301699699 36.09499461400999 50.54427599095846 51.531028771246234
 16700576 128 10262.966 10910.988 12305.021 347.44739208490586 391.8387093817719 416.5801052054543 43.43092401061323 48.979838672721485 52.072513150681786
 18370624 64 5858.898 6041.05 6483.793 362.6642417486184 389.243570571341 401.34507752140416 45.3330302185773 48.65544632141763 50.16813469017552
 20207680 64 6664.991 7004.023 7800.102 331.6088738326755 369.29962108919403 388.0850011650428 41.45110922908444 46.162452636149254 48.51062514563035
 22228448 64 7627.964 7688.999 10571.957 269.1309985464375 370.04054025758103 373.00141217237 33.64137481830469 46.25506753219763 46.62517652154625
 24451264 64 8964.062 9033.918 13467.073 232.40104156263206 346.44567196647125 349.1454869455388 29.050130195329007 43.30570899580891 43.64318586819235
 26896384 64 10976.076 11899.948 13695.955 251.36890067176768 289.3069072234601 313.6582829783613 31.42111258397096 36.16336340293251 39.20728537229516
 29586016 64 13443.947 13912.916 18595.219 203.65503885703095 272.1938411760698 281.68885580997903 25.456879857128868 34.02423014700872 35.21110697624738
 32544608 64 16734.123 18778.086 21562.815 193.189517416905 221.83889369768573 248.93505467839577 24.148689677113126 27.729861712210717 31.11688183479947
 35799040 32 9621.143 9871.96 10538.101 217.41474673662736 232.0854784662823 238.13579737875216 27.17684334207842 29.010684808285287 29.76697467234402
 39378944 32 10730.982 10791.063 12285.948 205.13292226208347 233.54996778352606 234.8575755695052 25.641615282760434 29.193745972940757 29.35719694618815
 43316832 32 12039.9 13293.028 13960.838 198.57527520912427 208.55122309228565 230.25749781974935 24.821909401140534 26.068902886535707 28.78218722746867
 47648512 32 13468.027 16052.008 16333.818 186.69883354889836 189.97652929153784 226.42550152297733 23.337354193612295 23.74706616144223 28.303187690372166
 52413344 32 16631.126 17730.951 18102.169 185.30674506463836 189.1863564452916 201.69734845373668 23.163343133079795 23.64829455566145 25.212168556717085
 57654656 32 19012.928 20817.041 25648.117 143.86623329892015 177.25372131418675 194.0731056258142 17.98327916236502 22.156715164273344 24.259138203226776
 63420096 32 22724.867 26241.064 27590.99 147.1091158381776 154.6768890163905 178.6098965507697 18.3886394797722 19.334611127048813 22.32623706884621
 69762080 16 13136.148 14982.224 16499.996 135.29618795059102 149.00234838299042 169.94225095515066 16.912023493823877 18.625293547873802 21.242781369393832
 76738272 16 14717.102 15917.063 19442.081 126.30462263787503 154.2762445559209 166.8551800483546 15.788077829734378 19.284530569490112 20.856897506044326
 84412096 16 16409.159 17127.037 20777.941 130.0026346210147 157.71479164784895 164.6145955438667 16.250329327626837 19.71434895598112 20.576824442983337
 92853280 16 17791.033 18844.843 21415.949 138.7426240135331 157.67204640548078 167.01137927179386 17.342828001691636 19.709005800685098 20.876422408974232
 102138592 16 19789.934 22141.933 25210.857 129.6439444323531 147.61290010226296 165.15643478143988 16.205493054044137 18.45161251278287 20.644554347679986
 112352448 16 21565.914 23954.868 26314.974 136.6248104976277 150.0854997823407 166.71115056843868 17.07810131220346 18.760687472792586 20.838893821054835
 123587680 16 23938.894 26638.985 28190.851 140.28685263882244 148.4593260591573 165.2041969858758 17.535856579852805 18.55741575739466 20.650524623234475
 135946432 8 12948.99 14508.009 16132.832 134.82709743707738 149.92704457241513 167.9778046009766 16.853387179634673 18.74088057155189 20.997225575122076
 149541056 8 14425.993 17083.883 17961.979 133.20675277484736 140.05345833848193 165.85734486353903 16.65084409685592 17.50668229231024 20.73216810794238
 164495136 8 15745.163 18832.207 20579.1 127.89296791404871 139.75643831867396 167.15750583210857 15.986620989256089 17.469554789834245 20.89468822901357
 180944640 8 17385.96 21381.14 21591.902 134.0833355023564 135.40504575527777 166.5202404698964 16.76041693779455 16.92563071940972 20.81503005873705
 199039104 8 19124.985 21510.124 22234.917 143.22633468791452 148.0524084379988 166.51650518941582 17.903291835989315 18.50655105474985 20.814563148676978
 218943008 8 21104.097 23683.071 26267.052 133.36434282766106 147.91528210171728 165.99090347243947 16.670542853457633 18.48941026271466 20.748862934054934
 240837280 8 23370.981 25820.017 28620.005 134.63996529700117 149.24066393914455 164.87953500967717 16.829995662125146 18.65508299239307 20.609941876209646
 264920992 8 25533.199 27902.842 33172.131 127.78002932642465 151.91054273252882 166.00880571212406 15.972503665803082 18.988817841566103 20.751100714015507
 291413088 4 14117.956 17858.982 17935.038 129.98604764595424 130.53961888757152 165.13046959489034 16.24825595574428 16.31745236094644 20.641308699361293
 320554368 4 15523.195 18893.003 19581.079 130.96494549661944 135.73463911480877 165.20020163374872 16.37061818707743 16.966829889351096 20.65002520421859
 352609792 4 17234.087 22171.974 23794.889 118.54975814343996 127.22720746470297 163.68017267175222 14.818719767929995 15.903400933087871 20.460021583969027
 387870752 4 18630.028 23979.902 24483.919 126.73485874544836 129.3986112203461 166.5572384539626 15.841857343181045 16.174826402543264 20.819654806745326
 426657824 4 20622.969 24972.2 36333.799 93.94180311285369 136.68249461401078 165.50781761830703 11.742725389106711 17.085311826751347 20.68847720228838
 469323584 4 22433.996 26648.998 30184.031 124.38990246200052 140.89042567379082 167.36156465392972 15.548737807750065 17.611303209223852 20.920195581741215
 516255936 4 24857.044 28495.073 31293.154 131.97926575250293 144.93900359546367 166.15199651253783 16.497408219062866 18.11737544943296 20.76899956406723
 567881504 2 13645.887 17683.029 18384.933 123.55367386979326 128.4579704076717 166.46232055124008 15.444209233724157 16.057246300958962 20.80779006890501
 624669632 2 15159.13 18129.11 19152.88 130.45967645596903 137.82687225131295 164.82994261544033 16.30745955699613 17.22835903141412 20.60374282693004
 687136576 2 16347.885 19929.171 21672.964 126.81912377098028 137.91573688639633 168.1285563239526 15.852390471372535 17.23946711079954 21.016069540494076
 755850208 2 18263.102 22871.971 28122.902 107.50671577207787 132.1880318928351 165.5469499102617 13.438339471509734 16.52350398660439 20.693368738782713
 831435200 2 19780.874 24838.924 28675.079 115.98017916533028 133.89230547989922 168.12911300077033 14.497522395666286 16.736538184987403 21.01613912509629
 914578720 2 21903.038 27715.206 38835.049 94.20137154970502 131.99666926524017 167.02317185405968 11.775171443713127 16.49958365815502 20.87789648175746
 1006036576 2 24127.96 31110.048 46664.0 86.23663432196126 129.35197991337077 166.78352848728198 10.779579290245158 16.168997489171346 20.847941060910248
 1106640224 1 13124.943 27329.922 44492.006 49.745575598456945 80.98378209787792 168.63162361924162 6.218196949807118 10.12297276223474 21.078952952405203
 1217304224 1 14603.138 20892.859 22121.906 110.05419008651425 116.52825723851389 166.71817030010945 13.756773760814282 14.566032154814236 20.83977128751368
 1339034624 1 15934.944 21620.035 32160.044 83.27318358146525 123.8697924402065 168.0626708195523 10.409147947683156 15.483724055025812 21.007833852444037
 1472938080 1 17684.937 22021.055 22500.038 130.92760821115058 133.77543264843578 166.57543987858142 16.365951026393823 16.721929081054473 20.821929984822678
 1620231872 1 19447.088 24450.064 28491.02 113.7363191630205 132.53395753892505 166.62976708903665 14.217039895377562 16.56674469236563 20.82872088612958
 1782255040 1 21544.933 26890.039 29282.093 121.73003070511386 132.55875456335335 165.44540101377893 15.216253838139233 16.56984432041917 20.680675126722367
 1960480544 1 23540.974 26481.152 29017.925 135.12203536262498 148.06610709383037 166.55899998020473 16.890254420328123 18.508263386728796 20.81987499752559
 
META_DATA
 FLOPS          2
 OPENMP_THREADS 4
 ERT_VERSION  1.1.0
 HOSTNAME  Rezas-MacBook-Pro.local
 UNAME  uname_result(system='Darwin', node='Rezas-MacBook-Pro.local', release='21.6.0', version='Darwin Kernel Version 21.6.0: Wed Aug 10 14:28:23 PDT 2022; root:xnu-8020.141.5~2/RELEASE_ARM64_T6000', machine='arm64')
 TIMESTAMP_DATA  1705697700.2703092
 CONFIG  {'ERT_RESULTS': ['Results.MyMacBookPro'], 'ERT_DRIVER': ['driver1'], 'ERT_KERNEL': ['kernel1'], 'ERT_MPI': ['False'], 'ERT_OPENMP': ['True'], 'ERT_OPENMP_CFLAGS': ['-Xpreprocessor', '-fopenmp', '-I/opt/homebrew/opt/libomp/include'], 'ERT_OPENMP_LDFLAGS': ['-L/opt/homebrew/opt/libomp/lib', '-lomp'], 'ERT_FLOPS': ['1,2,4,8,16'], 'ERT_ALIGN': ['32'], 'ERT_CC': ['clang'], 'ERT_CFLAGS': ['-O3', '-std=c++11', '-Xpreprocessor', '-fopenmp', '-I/opt/homebrew/opt/libomp/include'], 'ERT_LD': ['clang'], 'ERT_LDFLAGS': ['-L/opt/homebrew/opt/libomp/lib', '-lomp', '-lc++'], 'ERT_LDLIBS': [], 'ERT_PRECISION': ['FP64'], 'ERT_RUN': ['export', 'OMP_NUM_THREADS=ERT_OPENMP_THREADS;', './ERT_CODE'], 'ERT_PROCS_THREADS': ['1-10'], 'ERT_OPENMP_THREADS': ['1,2,4,8,10'], 'ERT_NUM_EXPERIMENTS': ['3'], 'ERT_MEMORY_MAX': ['2147483648', '#', 'Adjusted', 'to', '2GB,', 'consider', 'your', "system's", 'RAM'], 'ERT_WORKING_SET_MIN': ['1'], 'ERT_TRIALS_MIN': ['1'], 'ERT_GNUPLOT': ['gnuplot'], 'ERT_GPU': [False], 'ERT_HIP': [False], 'ERT_OCL': [False], 'ERT_SYCL': [False], 'ERT_WSS_MULT': [1.1]}
 TIMESTAMP_DATA  1705697711.370559
 TIMESTAMP_DATA  1705697722.603297
 